499.84499999999997 976.482
502.66499999999996 976.482
501.255 978.0029999999999
501.255 982.5659999999999
498.43499999999995 981.045
502.66499999999996 981.045
473.05499999999995 1020.5909999999999
474.465 1025.154
436.395 1058.616
419.47499999999997 1098.162
434.98499999999996 1149.876
430.755 1233.531
449.085 1295.8919999999998
498.43499999999995 1149.876
477.28499999999997 921.726
391.275 693.5759999999999
326.41499999999996 608.4
267.195 538.434
192.46499999999997 456.29999999999995
188.23499999999999 448.695
272.835 512.577
402.55499999999995 670.761
536.505 974.9609999999999
552.015 1195.5059999999999
518.175 1405.404
446.265 1575.7559999999999
336.28499999999997 1720.251
236.17499999999998 1813.032
165.67499999999998 1851.0569999999998
110.68499999999999 1863.225
88.125 1864.7459999999999
247.45499999999998 1776.5279999999998
413.835 1581.84
505.48499999999996 1282.203
501.255 1069.263
477.28499999999997 882.18
442.03499999999997 801.567
425.11499999999995 1082.952
403.965 1298.934
341.92499999999995 1502.7479999999998
365.895 1660.9319999999998
334.875 1756.7549999999999
272.835 1746.108
237.58499999999998 1575.7559999999999
305.265 1207.674
412.42499999999995 915.6419999999999
504.075 850.2389999999999
556.245 909.558
570.3449999999999 1054.0529999999999
568.935 1222.884
544.9649999999999 1390.194
447.67499999999995 1568.1509999999998
281.29499999999996 1565.109
93.765 1381.068
-21.855 1125.54
-28.904999999999998 880.659
71.205 685.971
236.17499999999998 637.299
375.765 660.1139999999999
461.775 708.786
513.9449999999999 784.8359999999999
546.375 897.39
578.805 1060.137
537.915 1172.691
291.16499999999996 1101.204
-83.895 733.122
-182.595 521.703
-195.285 463.905
33.135 444.13199999999995
189.64499999999998 447.174
353.205 536.913
460.36499999999995 678.366
520.995 813.7349999999999
454.72499999999997 856.323
302.445 778.752
229.125 584.064
144.525 400.02299999999997
33.135 355.914
76.845 407.628
189.64499999999998 581.0219999999999
322.185 769.626
523.8149999999999 938.457
563.295 997.776
458.955 936.9359999999999
387.04499999999996 866.9699999999999
458.955 720.954
381.405 614.4839999999999
247.45499999999998 647.9459999999999
212.20499999999998 734.6429999999999
254.505 853.281
432.16499999999996 1066.221
520.995 1356.732
440.625 1621.386
432.16499999999996 1560.5459999999998
477.28499999999997 1276.119
543.555 1003.8599999999999
523.8149999999999 844.155
423.705 787.8779999999999
381.405 873.054
453.315 1107.288
381.405 1423.656
236.17499999999998 1683.7469999999998
138.885 1835.847
129.015 1907.3339999999998
171.315 1817.5949999999998
293.98499999999996 1581.84
467.41499999999996 1346.0849999999998
575.985 1180.2959999999998
556.245 967.356
543.555 1108.809
543.555 1378.0259999999998
473.05499999999995 1575.7559999999999
405.375 1647.243
277.065 1705.041
44.415 1645.722
-271.425 1466.244
-619.6949999999999 1320.2279999999998
-650.7149999999999 1301.9759999999999
-755.055 1320.2279999999998
-872.0849999999999 1151.397
-924.255 1012.986
-921.435 974.9609999999999
-920.025 993.213
-786.0749999999999 1003.8599999999999
-537.915 997.776
-298.215 1076.868
-133.245 1165.086
6.345 1241.136
143.11499999999998 1279.1609999999998
238.99499999999998 1266.993
334.875 1232.01
363.075 1163.5649999999998
537.915 1105.7669999999998
580.2149999999999 1090.557
529.4549999999999 1114.893
485.74499999999995 1175.733
413.835 1247.22
360.255 1305.018
423.705 1388.673
505.48499999999996 1475.37
405.375 1569.6719999999998
95.175 1619.865
-74.02499999999999 1521
206.565 1187.9009999999998
267.195 797.0039999999999
178.36499999999998 582.543
16.215 606.879
-295.395 728.559
-419.47499999999997 731.601
-499.84499999999997 783.3149999999999
-609.8249999999999 877.617
-635.2049999999999 898.911
-656.355 921.726
-642.255 938.457
-594.3149999999999 854.8019999999999
-439.215 693.5759999999999
-306.67499999999995 661.635
-106.455 716.391
74.02499999999999 903.4739999999999
226.30499999999998 1099.683
233.355 1356.732
130.42499999999998 1571.193
-45.824999999999996 1727.856
-267.195 1787.175
-403.965 1773.4859999999999
-499.84499999999997 1746.108
-354.61499999999995 1816.0739999999998
-50.055 1767.4019999999998
260.145 1562.067
384.22499999999997 1318.7069999999999
346.155 1183.338
364.48499999999996 873.054
375.765 689.0129999999999
434.98499999999996 728.559
494.205 827.424
499.84499999999997 868.491
504.075 848.718
502.66499999999996 804.6089999999999
487.155 786.357
498.43499999999995 748.332
499.84499999999997 762.021
505.48499999999996 783.3149999999999
506.895 833.5079999999999
513.9449999999999 915.6419999999999
519.5849999999999 984.087
505.48499999999996 1064.7
451.905 1069.263
302.445 1044.927
137.475 1119.456
179.77499999999998 1221.3629999999998
223.48499999999999 1329.3539999999998
308.085 1460.1599999999999
454.72499999999997 1540.773
391.275 1618.3439999999998
176.95499999999998 1686.789
-106.455 1688.31
-344.745 1648.764
-418.065 1557.504
-437.80499999999995 1489.059
-322.185 1434.3029999999999
-169.905 1379.547
24.674999999999997 1303.4969999999998
175.545 1251.783
325.005 1215.279
444.85499999999996 1180.2959999999998
501.255 1143.792
529.4549999999999 1069.263
554.8349999999999 981.045
529.4549999999999 862.4069999999999
537.915 847.197
525.225 816.7769999999999
513.9449999999999 831.987
475.875 800.0459999999999
419.47499999999997 751.3739999999999
374.35499999999996 731.601
368.715 743.769
363.075 766.584
371.53499999999997 816.7769999999999
419.47499999999997 908.0369999999999
470.23499999999996 1043.406
528.045 1114.893
532.275 1192.464
533.685 1206.153
529.4549999999999 1241.136
518.175 1294.3709999999999
491.385 1388.673
474.465 1502.7479999999998
461.775 1569.6719999999998
463.18499999999995 1586.4029999999998
473.05499999999995 1569.6719999999998
526.635 1460.1599999999999
567.525 1087.5149999999999
436.395 758.9789999999999
295.395 641.862
209.385 620.568
117.735 605.358
35.955 567.333
-57.105 517.14
-157.215 441.09
-203.74499999999998 392.41799999999995
-244.635 374.166
-286.935 363.519
-291.16499999999996 342.22499999999997
-262.965 334.62
-202.33499999999998 331.578
-131.83499999999998 340.70399999999995
-75.435 366.561
-11.985 387.85499999999996
30.314999999999998 422.83799999999997
160.035 469.989
443.445 689.0129999999999
561.885 1283.724
317.955 1750.6709999999998
88.125 1917.981
-59.925 1959.0479999999998
-61.334999999999994 1963.6109999999999
-121.96499999999999 1974.2579999999998
-185.415 1959.0479999999998
-165.67499999999998 1921.023
-88.125 1879.956
-17.625 1834.3259999999998
58.51499999999999 1770.444
112.095 1708.0829999999999
184.005 1642.6799999999998
267.195 1533.168
375.765 1457.118
460.36499999999995 1390.194
544.9649999999999 1265.472
567.525 993.213
447.67499999999995 742.2479999999999
408.195 609.9209999999999
372.945 556.6859999999999
368.715 550.602
420.885 650.9879999999999
473.05499999999995 736.164
468.825 766.584
471.645 774.189
458.955 754.4159999999999
480.10499999999996 792.4409999999999
361.66499999999996 825.9029999999999
196.695 821.3399999999999
-43.004999999999995 714.87
-147.345 699.66
-299.625 717.9119999999999
-487.155 778.752
-567.525 736.164
-722.625 862.4069999999999
-883.3649999999999 1110.33
-914.385 1230.489
-915.795 1236.5729999999999
-927.0749999999999 1288.287
-914.385 1346.0849999999998
-886.185 1473.849
-831.1949999999999 1592.4869999999999
-724.035 1718.7299999999998
-578.805 1793.2589999999998
-504.075 1834.3259999999998
-443.445 1861.704
-423.705 1860.183
-434.98499999999996 1799.3429999999998
