499.84499999999997 902.7975132
502.66499999999996 899.37458424
501.255 902.7975132
501.255 902.7975132
498.43499999999995 899.37458424
502.66499999999996 902.7975132
473.05499999999995 960.9873055200001
474.465 967.83316344
436.395 1022.6000268
419.47499999999997 1041.42613608
434.98499999999996 1027.73442024
430.755 1026.02295576
449.085 976.39048584
498.43499999999995 902.7975132
477.28499999999997 871.99115256
391.275 854.87650776
326.41499999999996 827.49307608
267.195 818.9357536800001
192.46499999999997 765.8803548000001
188.23499999999999 738.49692312
272.835 762.45742584
402.55499999999995 781.28353512
536.505 765.8803548000001
552.015 745.34278104
518.175 733.3625296800001
446.265 741.91985208
336.28499999999997 748.76571
236.17499999999998 750.47717448
165.67499999999998 784.70646408
110.68499999999999 815.51282472
88.125 848.03064984
247.45499999999998 810.3784312800001
413.835 813.80136024
505.48499999999996 853.1650432800001
501.255 875.4140815200001
477.28499999999997 842.8962564000001
442.03499999999997 849.74211432
425.11499999999995 1014.0427044
403.965 1039.7146716
341.92499999999995 1014.0427044
365.895 801.82110888
334.875 543.3899724
272.835 228.48050808000002
237.58499999999998 -35.08502184
305.265 -122.36971032000001
412.42499999999995 33.37355736
504.075 281.53590696000003
556.245 497.18043144
570.3449999999999 628.9631964
568.935 659.76955704
544.9649999999999 587.88804888
447.67499999999995 310.63080312
281.29499999999996 0.85573224
93.765 -211.36586328
-21.855 -276.40151352000004
-28.904999999999998 -233.61490152000002
71.205 -106.96653
236.17499999999998 35.08502184
375.765 180.55950264
461.775 360.26327304
513.9449999999999 546.8129013600001
546.375 620.405874
578.805 558.79315272
537.915 233.61490152000002
291.16499999999996 -137.77289064
-83.895 -185.69389608
-182.595 -7.70159016
-195.285 72.7372404
33.135 146.33021304000002
189.64499999999998 281.53590696000003
353.205 459.52821288
460.36499999999995 504.02628936
520.995 418.45306536000004
454.72499999999997 137.77289064
302.445 -31.662092880000003
229.125 72.7372404
144.525 382.51231128
33.135 635.80905432
76.845 794.97525096
189.64499999999998 981.52487928
322.185 1005.4853820000001
523.8149999999999 759.03449688
563.295 363.68620200000004
458.955 96.69774312
387.04499999999996 23.10477048
458.955 315.76519656
381.405 678.5956663200001
247.45499999999998 990.08220168
212.20499999999998 1101.32739288
254.505 1137.26814696
432.16499999999996 1000.35098856
520.995 759.03449688
440.625 570.77340408
432.16499999999996 243.8836884
477.28499999999997 100.12067208
543.555 266.13272664
523.8149999999999 623.8288029600001
423.705 883.9714039200001
381.405 1003.77391752
453.315 972.9675568800001
381.405 1007.1968464800001
236.17499999999998 976.39048584
138.885 841.1847919200001
129.015 562.21608168
171.315 218.2117212
293.98499999999996 33.37355736
467.41499999999996 112.10092344
575.985 361.97473752
556.245 670.03834392
543.555 798.3981799200001
543.555 658.05809256
473.05499999999995 495.46896696000005
405.375 332.87984136
277.065 168.57925128
44.415 -79.58309832
-271.425 -209.6543988
-619.6949999999999 -83.00602728
-650.7149999999999 -55.622595600000004
-755.055 74.44870488000001
-872.0849999999999 249.01808184
-924.255 512.58361176
-921.435 622.1173384800001
-920.025 492.046038
-786.0749999999999 98.4092076
-537.915 -156.59899992
-298.215 -271.26712008
-133.245 -293.51615832
6.345 -264.42126216
143.11499999999998 -206.23146984000002
238.99499999999998 -158.3104644
334.875 -91.56334968
363.075 -74.44870488000001
537.915 237.03783048
580.2149999999999 526.2753276
529.4549999999999 803.53257336
485.74499999999995 906.2204421600001
413.835 1024.31149128
360.255 1082.5012836
423.705 964.41023448
505.48499999999996 625.54026744
405.375 209.6543988
95.175 -77.87163384
-74.02499999999999 -190.82828952
206.565 -197.67414744
267.195 -72.7372404
178.36499999999998 43.64234424
16.215 -47.0652732
-295.395 -136.06142616
-419.47499999999997 -84.71749176
-499.84499999999997 -60.75698904
-609.8249999999999 -17.970377040000002
-635.2049999999999 -12.8359836
-656.355 -4.2786612
-642.255 -19.68184152
-594.3149999999999 -36.79648632
-439.215 -43.64234424
-306.67499999999995 -74.44870488000001
-106.455 -158.3104644
74.02499999999999 -225.05757912
226.30499999999998 -195.96268296
233.355 -142.90728408
130.42499999999998 -88.14042072000001
-45.824999999999996 -29.9506284
-267.195 24.816234960000003
-403.965 53.91113112
-499.84499999999997 94.98627864000001
-354.61499999999995 86.42895624
-50.055 7.70159016
260.145 7.70159016
384.22499999999997 -12.8359836
346.155 -100.12067208
364.48499999999996 -24.816234960000003
375.765 125.79263928
434.98499999999996 195.96268296
494.205 216.50025672
499.84499999999997 207.94293432
504.075 247.30661736000002
502.66499999999996 300.36201624
487.155 293.51615832
498.43499999999995 438.99063912
499.84499999999997 531.40972104
505.48499999999996 610.13708712
506.895 688.8644532000001
513.9449999999999 765.8803548000001
519.5849999999999 806.95550232
505.48499999999996 861.72236568
451.905 966.12169896
302.445 1147.53693384
137.475 1287.8770212
179.77499999999998 1257.07066056
223.48499999999999 1207.4381906400001
308.085 1079.07835464
454.72499999999997 762.45742584
391.275 238.74929496000001
176.95499999999998 26.52769944
-106.455 -86.42895624
-344.745 -84.71749176
-418.065 -118.94678136
-437.80499999999995 -151.46460648000001
-322.185 -213.07732776
-169.905 -260.9983332
24.674999999999997 -254.15247528
175.545 -209.6543988
325.005 -106.96653
444.85499999999996 28.239163920000003
501.255 132.63849720000002
529.4549999999999 219.92318568000002
554.8349999999999 332.87984136
529.4549999999999 329.4569124
537.915 495.46896696000005
525.225 565.63901064
513.9449999999999 675.17273736
475.875 774.4376772
419.47499999999997 863.4338301600001
374.35499999999996 909.64337112
368.715 942.16119624
363.075 967.83316344
371.53499999999997 979.8134148
419.47499999999997 967.83316344
470.23499999999996 926.75801592
528.045 824.07014712
532.275 782.9949996
533.685 781.28353512
529.4549999999999 800.1096444
518.175 800.1096444
491.385 818.9357536800001
474.465 755.6115679200001
461.775 651.21223464
463.18499999999995 558.79315272
473.05499999999995 545.10143688
526.635 481.77725112
567.525 319.18812552
436.395 183.9824316
295.395 94.98627864000001
209.385 23.10477048
117.735 -19.68184152
35.955 -28.239163920000003
-57.105 0.85573224
-157.215 96.69774312
-203.74499999999998 199.38561192
-244.635 260.9983332
-286.935 320.89959
-291.16499999999996 399.62695608
-262.965 486.91164456
-202.33499999999998 613.56001608
-131.83499999999998 699.1332400800001
-75.435 750.47717448
-11.985 803.53257336
30.314999999999998 837.76186296
160.035 815.51282472
443.445 675.17273736
561.885 668.32687944
317.955 697.4217756
88.125 659.76955704
-59.925 661.48102152
-61.334999999999994 640.94344776
-121.96499999999999 569.0619396000001
-185.415 408.18427848
-165.67499999999998 245.59515288
-88.125 177.13657368
-17.625 120.65824584
58.51499999999999 65.89138248
112.095 24.816234960000003
184.005 2.56719672
267.195 -12.8359836
375.765 47.0652732
460.36499999999995 144.61874856
544.9649999999999 296.93908728
567.525 586.1765844
447.67499999999995 762.45742584
408.195 553.65875928
372.945 495.46896696000005
368.715 534.8326500000001
420.885 699.1332400800001
473.05499999999995 670.03834392
468.825 731.6510652000001
471.645 723.0937428
458.955 738.49692312
480.10499999999996 719.67081384
361.66499999999996 988.3707372
196.695 1149.24839832
-43.004999999999995 1210.8611196
-147.345 1219.4184420000001
-299.625 1234.82162232
-487.155 1210.8611196
-567.525 1137.26814696
-722.625 1080.78981912
-883.3649999999999 875.4140815200001
-914.385 788.1293930400001
-915.795 777.86060616
-927.0749999999999 702.55616904
-914.385 702.55616904
-886.185 647.78930568
-831.1949999999999 630.67466088
-724.035 724.80520728
-578.805 875.4140815200001
-504.075 892.52872632
-443.445 894.2401908
-423.705 919.9121580000001
-434.98499999999996 1014.0427044
