976.482 902.7975132
976.482 899.37458424
978.0029999999999 902.7975132
982.5659999999999 902.7975132
981.045 899.37458424
981.045 902.7975132
1020.5909999999999 960.9873055200001
1025.154 967.83316344
1058.616 1022.6000268
1098.162 1041.42613608
1149.876 1027.73442024
1233.531 1026.02295576
1295.8919999999998 976.39048584
1149.876 902.7975132
921.726 871.99115256
693.5759999999999 854.87650776
608.4 827.49307608
538.434 818.9357536800001
456.29999999999995 765.8803548000001
448.695 738.49692312
512.577 762.45742584
670.761 781.28353512
974.9609999999999 765.8803548000001
1195.5059999999999 745.34278104
1405.404 733.3625296800001
1575.7559999999999 741.91985208
1720.251 748.76571
1813.032 750.47717448
1851.0569999999998 784.70646408
1863.225 815.51282472
1864.7459999999999 848.03064984
1776.5279999999998 810.3784312800001
1581.84 813.80136024
1282.203 853.1650432800001
1069.263 875.4140815200001
882.18 842.8962564000001
801.567 849.74211432
1082.952 1014.0427044
1298.934 1039.7146716
1502.7479999999998 1014.0427044
1660.9319999999998 801.82110888
1756.7549999999999 543.3899724
1746.108 228.48050808000002
1575.7559999999999 -35.08502184
1207.674 -122.36971032000001
915.6419999999999 33.37355736
850.2389999999999 281.53590696000003
909.558 497.18043144
1054.0529999999999 628.9631964
1222.884 659.76955704
1390.194 587.88804888
1568.1509999999998 310.63080312
1565.109 0.85573224
1381.068 -211.36586328
1125.54 -276.40151352000004
880.659 -233.61490152000002
685.971 -106.96653
637.299 35.08502184
660.1139999999999 180.55950264
708.786 360.26327304
784.8359999999999 546.8129013600001
897.39 620.405874
1060.137 558.79315272
1172.691 233.61490152000002
1101.204 -137.77289064
733.122 -185.69389608
521.703 -7.70159016
463.905 72.7372404
444.13199999999995 146.33021304000002
447.174 281.53590696000003
536.913 459.52821288
678.366 504.02628936
813.7349999999999 418.45306536000004
856.323 137.77289064
778.752 -31.662092880000003
584.064 72.7372404
400.02299999999997 382.51231128
355.914 635.80905432
407.628 794.97525096
581.0219999999999 981.52487928
769.626 1005.4853820000001
938.457 759.03449688
997.776 363.68620200000004
936.9359999999999 96.69774312
866.9699999999999 23.10477048
720.954 315.76519656
614.4839999999999 678.5956663200001
647.9459999999999 990.08220168
734.6429999999999 1101.32739288
853.281 1137.26814696
1066.221 1000.35098856
1356.732 759.03449688
1621.386 570.77340408
1560.5459999999998 243.8836884
1276.119 100.12067208
1003.8599999999999 266.13272664
844.155 623.8288029600001
787.8779999999999 883.9714039200001
873.054 1003.77391752
1107.288 972.9675568800001
1423.656 1007.1968464800001
1683.7469999999998 976.39048584
1835.847 841.1847919200001
1907.3339999999998 562.21608168
1817.5949999999998 218.2117212
1581.84 33.37355736
1346.0849999999998 112.10092344
1180.2959999999998 361.97473752
967.356 670.03834392
1108.809 798.3981799200001
1378.0259999999998 658.05809256
1575.7559999999999 495.46896696000005
1647.243 332.87984136
1705.041 168.57925128
1645.722 -79.58309832
1466.244 -209.6543988
1320.2279999999998 -83.00602728
1301.9759999999999 -55.622595600000004
1320.2279999999998 74.44870488000001
1151.397 249.01808184
1012.986 512.58361176
974.9609999999999 622.1173384800001
993.213 492.046038
1003.8599999999999 98.4092076
997.776 -156.59899992
1076.868 -271.26712008
1165.086 -293.51615832
1241.136 -264.42126216
1279.1609999999998 -206.23146984000002
1266.993 -158.3104644
1232.01 -91.56334968
1163.5649999999998 -74.44870488000001
1105.7669999999998 237.03783048
1090.557 526.2753276
1114.893 803.53257336
1175.733 906.2204421600001
1247.22 1024.31149128
1305.018 1082.5012836
1388.673 964.41023448
1475.37 625.54026744
1569.6719999999998 209.6543988
1619.865 -77.87163384
1521 -190.82828952
1187.9009999999998 -197.67414744
797.0039999999999 -72.7372404
582.543 43.64234424
606.879 -47.0652732
728.559 -136.06142616
731.601 -84.71749176
783.3149999999999 -60.75698904
877.617 -17.970377040000002
898.911 -12.8359836
921.726 -4.2786612
938.457 -19.68184152
854.8019999999999 -36.79648632
693.5759999999999 -43.64234424
661.635 -74.44870488000001
716.391 -158.3104644
903.4739999999999 -225.05757912
1099.683 -195.96268296
1356.732 -142.90728408
1571.193 -88.14042072000001
1727.856 -29.9506284
1787.175 24.816234960000003
1773.4859999999999 53.91113112
1746.108 94.98627864000001
1816.0739999999998 86.42895624
1767.4019999999998 7.70159016
1562.067 7.70159016
1318.7069999999999 -12.8359836
1183.338 -100.12067208
873.054 -24.816234960000003
689.0129999999999 125.79263928
728.559 195.96268296
827.424 216.50025672
868.491 207.94293432
848.718 247.30661736000002
804.6089999999999 300.36201624
786.357 293.51615832
748.332 438.99063912
762.021 531.40972104
783.3149999999999 610.13708712
833.5079999999999 688.8644532000001
915.6419999999999 765.8803548000001
984.087 806.95550232
1064.7 861.72236568
1069.263 966.12169896
1044.927 1147.53693384
1119.456 1287.8770212
1221.3629999999998 1257.07066056
1329.3539999999998 1207.4381906400001
1460.1599999999999 1079.07835464
1540.773 762.45742584
1618.3439999999998 238.74929496000001
1686.789 26.52769944
1688.31 -86.42895624
1648.764 -84.71749176
1557.504 -118.94678136
1489.059 -151.46460648000001
1434.3029999999999 -213.07732776
1379.547 -260.9983332
1303.4969999999998 -254.15247528
1251.783 -209.6543988
1215.279 -106.96653
1180.2959999999998 28.239163920000003
1143.792 132.63849720000002
1069.263 219.92318568000002
981.045 332.87984136
862.4069999999999 329.4569124
847.197 495.46896696000005
816.7769999999999 565.63901064
831.987 675.17273736
800.0459999999999 774.4376772
751.3739999999999 863.4338301600001
731.601 909.64337112
743.769 942.16119624
766.584 967.83316344
816.7769999999999 979.8134148
908.0369999999999 967.83316344
1043.406 926.75801592
1114.893 824.07014712
1192.464 782.9949996
1206.153 781.28353512
1241.136 800.1096444
1294.3709999999999 800.1096444
1388.673 818.9357536800001
1502.7479999999998 755.6115679200001
1569.6719999999998 651.21223464
1586.4029999999998 558.79315272
1569.6719999999998 545.10143688
1460.1599999999999 481.77725112
1087.5149999999999 319.18812552
758.9789999999999 183.9824316
641.862 94.98627864000001
620.568 23.10477048
605.358 -19.68184152
567.333 -28.239163920000003
517.14 0.85573224
441.09 96.69774312
392.41799999999995 199.38561192
374.166 260.9983332
363.519 320.89959
342.22499999999997 399.62695608
334.62 486.91164456
331.578 613.56001608
340.70399999999995 699.1332400800001
366.561 750.47717448
387.85499999999996 803.53257336
422.83799999999997 837.76186296
469.989 815.51282472
689.0129999999999 675.17273736
1283.724 668.32687944
1750.6709999999998 697.4217756
1917.981 659.76955704
1959.0479999999998 661.48102152
1963.6109999999999 640.94344776
1974.2579999999998 569.0619396000001
1959.0479999999998 408.18427848
1921.023 245.59515288
1879.956 177.13657368
1834.3259999999998 120.65824584
1770.444 65.89138248
1708.0829999999999 24.816234960000003
1642.6799999999998 2.56719672
1533.168 -12.8359836
1457.118 47.0652732
1390.194 144.61874856
1265.472 296.93908728
993.213 586.1765844
742.2479999999999 762.45742584
609.9209999999999 553.65875928
556.6859999999999 495.46896696000005
550.602 534.8326500000001
650.9879999999999 699.1332400800001
736.164 670.03834392
766.584 731.6510652000001
774.189 723.0937428
754.4159999999999 738.49692312
792.4409999999999 719.67081384
825.9029999999999 988.3707372
821.3399999999999 1149.24839832
714.87 1210.8611196
699.66 1219.4184420000001
717.9119999999999 1234.82162232
778.752 1210.8611196
736.164 1137.26814696
862.4069999999999 1080.78981912
1110.33 875.4140815200001
1230.489 788.1293930400001
1236.5729999999999 777.86060616
1288.287 702.55616904
1346.0849999999998 702.55616904
1473.849 647.78930568
1592.4869999999999 630.67466088
1718.7299999999998 724.80520728
1793.2589999999998 875.4140815200001
1834.3259999999998 892.52872632
1861.704 894.2401908
1860.183 919.9121580000001
1799.3429999999998 1014.0427044
