508.30499999999995 962.7929999999999
511.12499999999994 964.314
508.30499999999995 962.7929999999999
508.30499999999995 964.314
512.535 961.2719999999999
509.715 961.2719999999999
512.535 964.314
511.12499999999994 962.7929999999999
506.895 965.8349999999999
508.30499999999995 965.8349999999999
508.30499999999995 962.7929999999999
505.48499999999996 964.314
508.30499999999995 962.7929999999999
509.715 964.314
511.12499999999994 967.356
508.30499999999995 965.8349999999999
508.30499999999995 967.356
506.895 961.2719999999999
508.30499999999995 964.314
511.12499999999994 964.314
509.715 961.2719999999999
509.715 964.314
505.48499999999996 967.356
512.535 964.314
508.30499999999995 965.8349999999999
505.48499999999996 967.356
511.12499999999994 967.356
506.895 978.0029999999999
485.74499999999995 1041.885
449.085 1046.4479999999999
434.98499999999996 1070.7839999999999
429.34499999999997 1130.1029999999998
439.215 1186.3799999999999
434.98499999999996 1177.254
423.705 1184.859
429.34499999999997 1207.674
446.265 1227.447
457.54499999999996 1251.783
463.18499999999995 1266.993
470.23499999999996 1292.85
474.465 1315.665
480.10499999999996 1352.1689999999999
473.05499999999995 1417.572
477.28499999999997 1473.849
468.825 1514.916
461.775 1543.8149999999998
474.465 1540.773
492.79499999999996 1521
509.715 1492.1009999999999
519.5849999999999 1481.454
522.405 1460.1599999999999
516.765 1461.6809999999998
518.175 1441.908
511.12499999999994 1405.404
509.715 1364.337
509.715 1320.2279999999998
522.405 1262.4299999999998
522.405 1177.254
519.5849999999999 1120.9769999999999
511.12499999999994 1090.557
511.12499999999994 1051.011
491.385 1022.112
474.465 982.5659999999999
475.875 920.2049999999999
502.66499999999996 879.1379999999999
528.045 865.449
536.505 854.8019999999999
533.685 850.2389999999999
520.995 851.76
522.405 845.6759999999999
526.635 822.861
516.765 780.2729999999999
506.895 765.063
487.155 742.2479999999999
456.135 716.391
439.215 699.66
433.575 704.223
442.03499999999997 730.0799999999999
482.92499999999995 787.8779999999999
532.275 851.76
547.785 895.8689999999999
552.015 921.726
523.8149999999999 924.7679999999999
478.695 912.5999999999999
416.655 920.2049999999999
309.495 967.356
236.17499999999998 1029.7169999999999
207.975 1089.0359999999998
219.255 1184.859
275.655 1282.203
367.305 1317.186
422.29499999999996 1346.0849999999998
453.315 1382.589
494.205 1393.2359999999999
515.355 1425.177
528.045 1455.597
505.48499999999996 1499.706
457.54499999999996 1507.311
384.22499999999997 1486.0169999999998
220.665 1423.656
86.71499999999999 1396.278
85.30499999999999 1387.1519999999998
178.36499999999998 1367.379
268.60499999999996 1333.917
364.48499999999996 1292.85
430.755 1233.531
519.5849999999999 1175.733
568.935 1151.397
581.625 1133.145
577.395 1101.204
573.165 1043.406
556.245 967.356
523.8149999999999 906.516
529.4549999999999 839.592
523.8149999999999 828.9449999999999
492.79499999999996 885.222
372.945 1000.818
227.71499999999997 1104.2459999999999
61.334999999999994 1171.1699999999998
-3.525 1187.9009999999998
-27.494999999999997 1233.531
-10.575 1289.808
69.795 1358.253
216.43499999999997 1435.8239999999998
340.515 1496.664
418.065 1540.773
447.67499999999995 1590.966
413.835 1644.2009999999998
357.435 1641.1589999999999
285.525 1597.05
268.60499999999996 1505.79
344.745 1378.0259999999998
402.55499999999995 1266.993
478.695 1186.3799999999999
543.555 1137.7079999999999
574.5749999999999 1064.7
566.115 973.4399999999999
512.535 889.785
456.135 851.76
402.55499999999995 822.861
396.91499999999996 793.962
454.72499999999997 783.3149999999999
492.79499999999996 778.752
505.48499999999996 778.752
508.30499999999995 780.2729999999999
512.535 781.794
519.5849999999999 798.525
529.4549999999999 842.6339999999999
536.505 860.886
528.045 860.886
461.775 842.6339999999999
353.205 839.592
260.145 870.012
157.215 903.4739999999999
81.07499999999999 936.9359999999999
83.895 982.5659999999999
178.36499999999998 1011.4649999999999
288.34499999999997 1000.818
384.22499999999997 1019.0699999999999
394.09499999999997 1016.0279999999999
416.655 1076.868
447.67499999999995 1142.271
508.30499999999995 1189.422
553.425 1230.489
571.755 1251.783
571.755 1300.455
549.1949999999999 1374.984
536.505 1441.908
518.175 1466.244
501.255 1484.4959999999999
484.335 1486.0169999999998
478.695 1490.58
461.775 1495.1429999999998
468.825 1507.311
498.43499999999995 1486.0169999999998
532.275 1452.5549999999998
529.4549999999999 1419.0929999999998
487.155 1344.5639999999999
405.375 1244.1779999999999
336.28499999999997 1181.817
289.755 1143.792
275.655 1128.5819999999999
330.645 1076.868
434.98499999999996 981.045
499.84499999999997 891.3059999999999
522.405 819.819
508.30499999999995 784.8359999999999
442.03499999999997 786.357
375.765 806.13
309.495 818.298
322.185 797.0039999999999
371.53499999999997 793.962
420.885 783.3149999999999
454.72499999999997 763.5419999999999
478.695 778.752
509.715 812.2139999999999
522.405 821.3399999999999
553.425 908.0369999999999
561.885 958.2299999999999
528.045 996.255
491.385 1102.725
440.625 1192.464
347.565 1253.3039999999999
257.325 1273.077
191.05499999999998 1303.4969999999998
113.505 1323.27
95.175 1365.858
174.135 1417.572
286.935 1452.5549999999998
394.09499999999997 1492.1009999999999
440.625 1539.252
463.18499999999995 1578.798
444.85499999999996 1583.3609999999999
409.60499999999996 1575.7559999999999
368.715 1555.983
356.025 1531.647
415.245 1473.849
482.92499999999995 1397.799
535.0949999999999 1317.186
571.755 1242.657
581.625 1186.3799999999999
577.395 1149.876
585.855 1111.8509999999999
584.4449999999999 1061.658
577.395 1003.8599999999999
549.1949999999999 933.8939999999999
477.28499999999997 809.1719999999999
449.085 778.752
436.395 781.794
430.755 797.0039999999999
474.465 798.525
506.895 801.567
519.5849999999999 819.819
497.025 815.256
450.49499999999995 865.449
385.635 923.247
271.425 990.1709999999999
164.265 1058.616
121.96499999999999 1099.683
186.825 1181.817
296.805 1227.447
405.375 1295.8919999999998
467.41499999999996 1361.2949999999998
492.79499999999996 1420.6139999999998
497.025 1484.4959999999999
474.465 1549.899
457.54499999999996 1586.4029999999998
449.085 1607.697
418.065 1653.327
420.885 1642.6799999999998
446.265 1583.3609999999999
460.36499999999995 1537.731
509.715 1489.059
528.045 1449.513
556.245 1387.1519999999998
567.525 1341.522
577.395 1262.4299999999998
573.165 1181.817
553.425 1134.666
525.225 1081.431
498.43499999999995 1006.9019999999999
463.18499999999995 927.81
449.085 847.197
418.065 763.5419999999999
412.42499999999995 730.0799999999999
418.065 752.895
447.67499999999995 797.0039999999999
492.79499999999996 809.1719999999999
532.275 825.9029999999999
522.405 877.617
474.465 970.3979999999999
433.575 1069.263
363.075 1177.254
257.325 1235.052
154.39499999999998 1271.5559999999998
90.945 1306.539
81.07499999999999 1315.665
96.585 1376.5049999999999
90.945 1449.513
110.68499999999999 1513.395
141.70499999999998 1530.126
164.265 1540.773
182.595 1615.302
291.16499999999996 1647.243
399.73499999999996 1615.302
464.59499999999997 1575.7559999999999
485.74499999999995 1557.504
463.18499999999995 1534.6889999999999
442.03499999999997 1476.8909999999998
396.91499999999996 1394.7569999999998
357.435 1263.951
295.395 1105.7669999999998
223.48499999999999 991.6919999999999
182.595 923.247
206.565 904.9949999999999
309.495 879.1379999999999
398.325 825.9029999999999
464.59499999999997 748.332
464.59499999999997 687.492
440.625 669.24
