508.30499999999995 899.37458424
511.12499999999994 901.08604872
508.30499999999995 904.50897768
508.30499999999995 899.37458424
512.535 895.9516552800001
509.715 899.37458424
512.535 901.08604872
511.12499999999994 899.37458424
506.895 901.08604872
508.30499999999995 899.37458424
508.30499999999995 904.50897768
505.48499999999996 895.9516552800001
508.30499999999995 901.08604872
509.715 902.7975132
511.12499999999994 895.9516552800001
508.30499999999995 899.37458424
508.30499999999995 901.08604872
506.895 902.7975132
508.30499999999995 901.08604872
511.12499999999994 897.6631197600001
509.715 901.08604872
509.715 906.2204421600001
505.48499999999996 901.08604872
512.535 902.7975132
508.30499999999995 897.6631197600001
505.48499999999996 904.50897768
511.12499999999994 895.9516552800001
506.895 904.50897768
485.74499999999995 972.9675568800001
449.085 1017.4656333600001
434.98499999999996 1027.73442024
429.34499999999997 1039.7146716
439.215 1012.33123992
434.98499999999996 1012.33123992
423.705 1024.31149128
429.34499999999997 1019.17709784
446.265 991.79366616
457.54499999999996 967.83316344
463.18499999999995 942.16119624
470.23499999999996 928.4694804000001
474.465 913.06630008
480.10499999999996 880.54847496
473.05499999999995 842.8962564000001
477.28499999999997 779.57207064
468.825 733.3625296800001
461.775 688.8644532000001
474.465 642.65491224
492.79499999999996 593.02244232
509.715 534.8326500000001
519.5849999999999 473.21992872000004
522.405 427.01038776
516.765 373.95498888000003
518.175 327.74544792
511.12499999999994 269.5556556
509.715 221.63465016
509.715 194.25121848
522.405 189.11682504
522.405 173.71364472000002
519.5849999999999 161.73339336
511.12499999999994 161.73339336
511.12499999999994 149.753142
491.385 115.52385240000001
474.465 96.69774312
475.875 127.50410376
502.66499999999996 214.78879224000002
528.045 339.72569928
536.505 450.97089048000004
533.685 577.619262
520.995 627.25173192
522.405 618.69440952
526.635 579.3307264800001
516.765 522.85239864
506.895 473.21992872000004
487.155 396.20402712000003
456.135 320.89959
439.215 291.80469384
433.575 259.28686872000003
442.03499999999997 247.30661736000002
482.92499999999995 283.24737144
532.275 391.06963368000004
547.785 500.60336040000004
552.015 615.27148056
523.8149999999999 743.6313165600001
478.695 858.29943672
416.655 993.5051306400001
309.495 1133.845218
236.17499999999998 1212.57258408
207.975 1241.66748024
219.255 1236.5330868
275.655 1180.05475896
367.305 1082.5012836
422.29499999999996 990.08220168
453.315 914.77776456
494.205 815.51282472
515.355 712.82495592
528.045 560.5046172
505.48499999999996 379.08938232
457.54499999999996 219.92318568000002
384.22499999999997 69.31431144
220.665 -129.21556824
86.71499999999999 -207.94293432
85.30499999999999 -211.36586328
178.36499999999998 -177.13657368
268.60499999999996 -124.0811748
364.48499999999996 -59.045524560000004
430.755 7.70159016
519.5849999999999 175.4251092
568.935 348.28302168
581.625 452.68235496
577.395 531.40972104
573.165 574.19633304
556.245 618.69440952
523.8149999999999 702.55616904
529.4549999999999 608.42562264
523.8149999999999 433.85624568000003
492.79499999999996 180.55950264
372.945 -57.33406008
227.71499999999997 -192.53975400000002
61.334999999999994 -267.84419112
-3.525 -286.67030040000003
-27.494999999999997 -283.24737144
-10.575 -274.69004904
69.795 -230.19197256
216.43499999999997 -134.34996168
340.515 23.10477048
418.065 185.69389608
447.67499999999995 397.9154916
413.835 668.32687944
357.435 854.87650776
285.525 1007.1968464800001
268.60499999999996 1096.19299944
344.745 1077.3668901600001
402.55499999999995 1041.42613608
478.695 931.89240936
543.555 776.1491416800001
574.5749999999999 586.1765844
566.115 409.89574296
512.535 262.70979768
456.135 142.90728408
402.55499999999995 72.7372404
396.91499999999996 79.58309832
454.72499999999997 202.80854088
492.79499999999996 319.18812552
505.48499999999996 415.0301364
508.30499999999995 450.97089048000004
512.535 476.64285768
519.5849999999999 510.87214728000004
529.4549999999999 551.9472948
536.505 526.2753276
528.045 379.08938232
461.775 172.00218024
353.205 -7.70159016
260.145 -113.81238792
157.215 -190.82828952
81.07499999999999 -230.19197256
83.895 -240.46075944
178.36499999999998 -204.52000536
288.34499999999997 -136.06142616
384.22499999999997 -48.776737680000004
394.09499999999997 -31.662092880000003
416.655 -23.10477048
447.67499999999995 14.54744808
508.30499999999995 132.63849720000002
553.425 286.67030040000003
571.755 442.41356808
571.755 510.87214728000004
549.1949999999999 569.0619396000001
536.505 533.12118552
518.175 425.29892328
501.255 334.59130584
484.335 272.97858456
478.695 266.13272664
461.775 230.19197256
468.825 250.72954632
498.43499999999995 338.0142348
532.275 505.73775384000004
529.4549999999999 683.73005976
487.155 868.5682236
405.375 1029.44588472
336.28499999999997 1130.4222890400001
289.755 1171.49743656
275.655 1183.47768792
330.645 1130.4222890400001
434.98499999999996 974.6790213600001
499.84499999999997 794.97525096
522.405 601.5797647200001
508.30499999999995 373.95498888000003
442.03499999999997 168.57925128
375.765 35.08502184
309.495 -41.93087976
322.185 -14.54744808
371.53499999999997 41.93087976
420.885 122.36971032000001
454.72499999999997 223.34611464
478.695 293.51615832
509.715 355.1288796
522.405 421.87599432
553.425 488.62310904000003
561.885 462.95114184
528.045 228.48050808000002
491.385 110.38945896
440.625 21.393306000000003
347.565 -86.42895624
257.325 -158.3104644
191.05499999999998 -195.96268296
113.505 -226.7690436
95.175 -223.34611464
174.135 -158.3104644
286.935 -60.75698904
394.09499999999997 93.27481416
440.625 262.70979768
463.18499999999995 48.776737680000004
444.85499999999996 688.8644532000001
409.60499999999996 820.6472181600001
368.715 925.04655144
356.025 966.12169896
415.245 911.3548356
482.92499999999995 824.07014712
535.0949999999999 721.3822783200001
571.755 599.86830024
581.625 464.66260632
577.395 368.82059544000003
585.855 385.93524024000004
584.4449999999999 442.41356808
577.395 548.52436584
549.1949999999999 676.8842018400001
477.28499999999997 782.9949996
449.085 820.6472181600001
436.395 846.31918536
430.755 870.27968808
474.465 759.03449688
506.895 603.2912292
519.5849999999999 442.41356808
497.025 286.67030040000003
450.49499999999995 130.92703272
385.635 -11.12451912
271.425 -132.63849720000002
164.265 -221.63465016
121.96499999999999 -247.30661736000002
186.825 -207.94293432
296.805 -136.06142616
405.375 -4.2786612
467.41499999999996 132.63849720000002
492.79499999999996 255.86393976000002
497.025 367.10913096
474.465 420.16452984
457.54499999999996 456.10528392000003
449.085 550.23583032
418.065 599.86830024
420.885 642.65491224
446.265 697.4217756
460.36499999999995 733.3625296800001
509.715 644.3663767200001
528.045 555.37022376
556.245 497.18043144
567.525 498.89189592
577.395 596.44537128
573.165 675.17273736
553.425 747.05424552
525.225 820.6472181600001
498.43499999999995 871.99115256
463.18499999999995 906.2204421600001
449.085 897.6631197600001
418.065 868.5682236
412.42499999999995 853.1650432800001
418.065 846.31918536
447.67499999999995 818.9357536800001
492.79499999999996 709.4020269600001
532.275 498.89189592
522.405 302.07348072
474.465 118.94678136
433.575 16.25891256
363.075 -71.02577592
257.325 -153.17607096
154.39499999999998 -211.36586328
90.945 -228.48050808000002
81.07499999999999 -226.7690436
96.585 -206.23146984000002
90.945 -177.13657368
110.68499999999999 -141.1958196
141.70499999999998 -122.36971032000001
164.265 -106.96653
182.595 -23.10477048
291.16499999999996 100.12067208
399.73499999999996 257.57540424
464.59499999999997 415.0301364
485.74499999999995 546.8129013600001
463.18499999999995 707.69056248
442.03499999999997 825.7816116
396.91499999999996 971.2560924
357.435 1091.058606
295.395 1173.20890104
223.48499999999999 1214.28404856
182.595 1217.70697752
206.565 1198.8808682400002
309.495 1111.59617976
398.325 967.83316344
464.59499999999997 738.49692312
464.59499999999997 553.65875928
440.625 372.2435244
