962.7929999999999 899.37458424
964.314 901.08604872
962.7929999999999 904.50897768
964.314 899.37458424
961.2719999999999 895.9516552800001
961.2719999999999 899.37458424
964.314 901.08604872
962.7929999999999 899.37458424
965.8349999999999 901.08604872
965.8349999999999 899.37458424
962.7929999999999 904.50897768
964.314 895.9516552800001
962.7929999999999 901.08604872
964.314 902.7975132
967.356 895.9516552800001
965.8349999999999 899.37458424
967.356 901.08604872
961.2719999999999 902.7975132
964.314 901.08604872
964.314 897.6631197600001
961.2719999999999 901.08604872
964.314 906.2204421600001
967.356 901.08604872
964.314 902.7975132
965.8349999999999 897.6631197600001
967.356 904.50897768
967.356 895.9516552800001
978.0029999999999 904.50897768
1041.885 972.9675568800001
1046.4479999999999 1017.4656333600001
1070.7839999999999 1027.73442024
1130.1029999999998 1039.7146716
1186.3799999999999 1012.33123992
1177.254 1012.33123992
1184.859 1024.31149128
1207.674 1019.17709784
1227.447 991.79366616
1251.783 967.83316344
1266.993 942.16119624
1292.85 928.4694804000001
1315.665 913.06630008
1352.1689999999999 880.54847496
1417.572 842.8962564000001
1473.849 779.57207064
1514.916 733.3625296800001
1543.8149999999998 688.8644532000001
1540.773 642.65491224
1521 593.02244232
1492.1009999999999 534.8326500000001
1481.454 473.21992872000004
1460.1599999999999 427.01038776
1461.6809999999998 373.95498888000003
1441.908 327.74544792
1405.404 269.5556556
1364.337 221.63465016
1320.2279999999998 194.25121848
1262.4299999999998 189.11682504
1177.254 173.71364472000002
1120.9769999999999 161.73339336
1090.557 161.73339336
1051.011 149.753142
1022.112 115.52385240000001
982.5659999999999 96.69774312
920.2049999999999 127.50410376
879.1379999999999 214.78879224000002
865.449 339.72569928
854.8019999999999 450.97089048000004
850.2389999999999 577.619262
851.76 627.25173192
845.6759999999999 618.69440952
822.861 579.3307264800001
780.2729999999999 522.85239864
765.063 473.21992872000004
742.2479999999999 396.20402712000003
716.391 320.89959
699.66 291.80469384
704.223 259.28686872000003
730.0799999999999 247.30661736000002
787.8779999999999 283.24737144
851.76 391.06963368000004
895.8689999999999 500.60336040000004
921.726 615.27148056
924.7679999999999 743.6313165600001
912.5999999999999 858.29943672
920.2049999999999 993.5051306400001
967.356 1133.845218
1029.7169999999999 1212.57258408
1089.0359999999998 1241.66748024
1184.859 1236.5330868
1282.203 1180.05475896
1317.186 1082.5012836
1346.0849999999998 990.08220168
1382.589 914.77776456
1393.2359999999999 815.51282472
1425.177 712.82495592
1455.597 560.5046172
1499.706 379.08938232
1507.311 219.92318568000002
1486.0169999999998 69.31431144
1423.656 -129.21556824
1396.278 -207.94293432
1387.1519999999998 -211.36586328
1367.379 -177.13657368
1333.917 -124.0811748
1292.85 -59.045524560000004
1233.531 7.70159016
1175.733 175.4251092
1151.397 348.28302168
1133.145 452.68235496
1101.204 531.40972104
1043.406 574.19633304
967.356 618.69440952
906.516 702.55616904
839.592 608.42562264
828.9449999999999 433.85624568000003
885.222 180.55950264
1000.818 -57.33406008
1104.2459999999999 -192.53975400000002
1171.1699999999998 -267.84419112
1187.9009999999998 -286.67030040000003
1233.531 -283.24737144
1289.808 -274.69004904
1358.253 -230.19197256
1435.8239999999998 -134.34996168
1496.664 23.10477048
1540.773 185.69389608
1590.966 397.9154916
1644.2009999999998 668.32687944
1641.1589999999999 854.87650776
1597.05 1007.1968464800001
1505.79 1096.19299944
1378.0259999999998 1077.3668901600001
1266.993 1041.42613608
1186.3799999999999 931.89240936
1137.7079999999999 776.1491416800001
1064.7 586.1765844
973.4399999999999 409.89574296
889.785 262.70979768
851.76 142.90728408
822.861 72.7372404
793.962 79.58309832
783.3149999999999 202.80854088
778.752 319.18812552
778.752 415.0301364
780.2729999999999 450.97089048000004
781.794 476.64285768
798.525 510.87214728000004
842.6339999999999 551.9472948
860.886 526.2753276
860.886 379.08938232
842.6339999999999 172.00218024
839.592 -7.70159016
870.012 -113.81238792
903.4739999999999 -190.82828952
936.9359999999999 -230.19197256
982.5659999999999 -240.46075944
1011.4649999999999 -204.52000536
1000.818 -136.06142616
1019.0699999999999 -48.776737680000004
1016.0279999999999 -31.662092880000003
1076.868 -23.10477048
1142.271 14.54744808
1189.422 132.63849720000002
1230.489 286.67030040000003
1251.783 442.41356808
1300.455 510.87214728000004
1374.984 569.0619396000001
1441.908 533.12118552
1466.244 425.29892328
1484.4959999999999 334.59130584
1486.0169999999998 272.97858456
1490.58 266.13272664
1495.1429999999998 230.19197256
1507.311 250.72954632
1486.0169999999998 338.0142348
1452.5549999999998 505.73775384000004
1419.0929999999998 683.73005976
1344.5639999999999 868.5682236
1244.1779999999999 1029.44588472
1181.817 1130.4222890400001
1143.792 1171.49743656
1128.5819999999999 1183.47768792
1076.868 1130.4222890400001
981.045 974.6790213600001
891.3059999999999 794.97525096
819.819 601.5797647200001
784.8359999999999 373.95498888000003
786.357 168.57925128
806.13 35.08502184
818.298 -41.93087976
797.0039999999999 -14.54744808
793.962 41.93087976
783.3149999999999 122.36971032000001
763.5419999999999 223.34611464
778.752 293.51615832
812.2139999999999 355.1288796
821.3399999999999 421.87599432
908.0369999999999 488.62310904000003
958.2299999999999 462.95114184
996.255 228.48050808000002
1102.725 110.38945896
1192.464 21.393306000000003
1253.3039999999999 -86.42895624
1273.077 -158.3104644
1303.4969999999998 -195.96268296
1323.27 -226.7690436
1365.858 -223.34611464
1417.572 -158.3104644
1452.5549999999998 -60.75698904
1492.1009999999999 93.27481416
1539.252 262.70979768
1578.798 48.776737680000004
1583.3609999999999 688.8644532000001
1575.7559999999999 820.6472181600001
1555.983 925.04655144
1531.647 966.12169896
1473.849 911.3548356
1397.799 824.07014712
1317.186 721.3822783200001
1242.657 599.86830024
1186.3799999999999 464.66260632
1149.876 368.82059544000003
1111.8509999999999 385.93524024000004
1061.658 442.41356808
1003.8599999999999 548.52436584
933.8939999999999 676.8842018400001
809.1719999999999 782.9949996
778.752 820.6472181600001
781.794 846.31918536
797.0039999999999 870.27968808
798.525 759.03449688
801.567 603.2912292
819.819 442.41356808
815.256 286.67030040000003
865.449 130.92703272
923.247 -11.12451912
990.1709999999999 -132.63849720000002
1058.616 -221.63465016
1099.683 -247.30661736000002
1181.817 -207.94293432
1227.447 -136.06142616
1295.8919999999998 -4.2786612
1361.2949999999998 132.63849720000002
1420.6139999999998 255.86393976000002
1484.4959999999999 367.10913096
1549.899 420.16452984
1586.4029999999998 456.10528392000003
1607.697 550.23583032
1653.327 599.86830024
1642.6799999999998 642.65491224
1583.3609999999999 697.4217756
1537.731 733.3625296800001
1489.059 644.3663767200001
1449.513 555.37022376
1387.1519999999998 497.18043144
1341.522 498.89189592
1262.4299999999998 596.44537128
1181.817 675.17273736
1134.666 747.05424552
1081.431 820.6472181600001
1006.9019999999999 871.99115256
927.81 906.2204421600001
847.197 897.6631197600001
763.5419999999999 868.5682236
730.0799999999999 853.1650432800001
752.895 846.31918536
797.0039999999999 818.9357536800001
809.1719999999999 709.4020269600001
825.9029999999999 498.89189592
877.617 302.07348072
970.3979999999999 118.94678136
1069.263 16.25891256
1177.254 -71.02577592
1235.052 -153.17607096
1271.5559999999998 -211.36586328
1306.539 -228.48050808000002
1315.665 -226.7690436
1376.5049999999999 -206.23146984000002
1449.513 -177.13657368
1513.395 -141.1958196
1530.126 -122.36971032000001
1540.773 -106.96653
1615.302 -23.10477048
1647.243 100.12067208
1615.302 257.57540424
1575.7559999999999 415.0301364
1557.504 546.8129013600001
1534.6889999999999 707.69056248
1476.8909999999998 825.7816116
1394.7569999999998 971.2560924
1263.951 1091.058606
1105.7669999999998 1173.20890104
991.6919999999999 1214.28404856
923.247 1217.70697752
904.9949999999999 1198.8808682400002
879.1379999999999 1111.59617976
825.9029999999999 967.83316344
748.332 738.49692312
687.492 553.65875928
669.24 372.2435244
