1569774692617 6 0 -5 -0.04 0 0 0 0 25.2 787.6 32.6 12.3 
1569774692721 6 0 -3 -0.08 0 0 0 0 25.2 787.6 32.6 12.3 
1569774692823 6 0 -1 -0.04 0 0 0 0 25.2 787.6 32.6 12.3 
1569774692926 6 0 0 -0.08 0 0 0 0 25.2 787.6 32.6 12.3 
1569774693029 6 0 1 -0.04 0 0 0 0 25.2 787.6 32.6 12.3 
1569774693131 6 0 1 -0.08 0 0 0 0 25.2 787.6 32.6 12.3 
1569774693235 7 0 2 -0.04 0 0 0 0 25.2 787.6 32.6 12.3 
1569774693338 7 0 2 -0.08 0 0 0 0 25.2 787.6 32.6 12.3 
1569774693443 7 0 1 -0.04 0 0 0 0 25.2 787.6 32.6 12.3 
1569774693546 7 0 0 -0.08 0 0 0 0 25.2 787.6 32.6 12.3 
1569774693649 7 0 0 -0.04 0 0 0 0 25.2 787.6 32.6 12.3 
1569774693752 7 0 0 -0.08 0 0 0 0 25.2 787.6 32.6 12.3 
1569774693856 6 0 0 -0.04 0 0 0 0 25.2 787.6 32.6 12.3 
1569774693959 6 0 0 -0.08 0 0 0 0 25.2 787.6 32.6 12.3 
1569774694062 7 0 0 -0.04 0 0 0 0 25.2 787.6 33.1 12.3 
1569774694167 7 0 -2 -0.08 0 0 0 0 25.2 787.6 33.1 12.3 
1569774694270 8 0 -4 -0.04 0 0 0 0 25.2 787.6 33.1 12.3 
1569774694374 8 0 -5 -0.08 0 0 0 0 25.2 787.6 33.1 12.3 
1569774694477 8 0 -4 -0.04 0 0 0 0 25.2 787.6 33.1 12.3 
1569774694579 8 0 -2 -0.08 0 0 0 0 25.2 787.6 33.1 12.3 
1569774694684 8 0 0 -0.04 0 0 0 0 25.2 787.6 33.1 12.3 
1569774694787 8 0 0 -0.08 0 0 0 0 25.2 787.6 33.1 12.3 
1569774694890 9 0 0 -0.04 0 0 0 0 25.2 787.6 33.1 12.3 
1569774694993 9 0 0 -0.08 0 0 0 0 25.2 787.6 33.1 12.3 
1569774695096 9 0 0 -0.04 0 0 0 0 25.2 787.6 33.1 12.3 
1569774695199 9 0 1 -0.08 0 0 0 0 25.2 787.6 33.1 12.3 
1569774695301 8 0 1 -0.04 0 0 0 0 25.2 787.6 33.1 12.3 
1569774695404 8 0 0 -0.08 0 0 0 0 25.2 787.6 33.1 12.3 
1569774695508 9 0 0 -0.04 0 0 0 0 25.2 787.6 33.1 12.3 
1569774695611 9 0 -1 -0.08 0 0 0 0 25.2 787.6 33.1 12.3 
1569774695714 10 0 -1 -0.04 0 0 0 0 25.2 787.6 33.1 12.3 
1569774695817 10 0 -1 -0.08 0 0 0 0 25.2 787.6 33.1 12.3 
1569774695922 11 0 0 -0.04 0 0 0 0 25.2 787.6 33.1 12.3 
1569774696025 11 0 -1 -0.08 0 0 0 0 25.2 787.6 33.1 12.3 
1569774696131 11 0 -2 -0.04 0 0 0 0 25.2 787.6 33.1 12.3 
1569774696234 11 0 -2 -0.08 0 0 0 0 25.2 787.6 33.1 12.3 
1569774696337 11 0 -1 -0.04 0 0 0 0 25.2 787.6 33.1 12.3 
1569774696440 11 0 0 -0.08 0 0 0 0 25.2 787.6 33.1 12.3 
1569774696551 11 0 0 -0.04 0 0 0 0 25.2 787.6 33.1 12.3 
1569774696654 11 1 0 -0.08 0 0 0 0 25.2 787.6 33.1 12.3 
1569774696757 11 0 0 -0.04 0 0 0 0 25.2 787.6 33.1 12.3 
1569774696861 11 0 0 -0.08 0 0 0 0 25.2 787.6 33.1 12.3 
1569774696975 12 0 0 -0.04 0 0 0 0 25.2 787.6 33.1 12.3 
1569774697078 11 0 0 -0.08 0 0 0 0 25.2 787.6 32.6 12.3 
1569774697182 12 0 1 -0.04 0 0 0 0 25.2 787.6 32.6 12.3 
1569774697286 12 0 1 -0.08 0 0 0 0 25.2 787.6 32.6 12.3 
1569774697388 12 0 1 -0.04 0 0 0 0 25.2 787.6 32.6 12.3 
1569774697492 12 0 1 -0.08 0 0 0 0 25.2 787.6 32.6 12.3 
1569774697595 13 0 0 -0.04 0 0 0 0 25.2 787.6 32.6 12.3 
1569774697699 13 0 0 -0.08 0 0 0 0 25.2 787.6 32.6 12.3 
1569774697801 13 0 -2 -0.04 0 0 0 0 25.2 787.6 32.6 12.3 
1569774697905 13 0 -2 -0.08 0 0 0 0 25.2 787.6 32.6 12.3 
1569774698007 12 0 -2 -0.04 0 0 0 0 25.2 787.6 32.6 12.3 
1569774698110 12 1 -1 -0.08 0 0 0 0 25.2 787.6 32.6 12.3 
1569774698214 11 1 -1 -0.04 0 0 0 0 25.2 787.6 32.6 12.3 
1569774698316 11 1 -1 -0.08 0 0 0 0 25.2 787.6 32.6 12.3 
1569774698421 11 0 -1 -0.04 0 0 0 0 25.2 787.6 32.6 12.3 
1569774698523 11 0 -1 -0.08 0 0 0 0 25.2 787.6 32.6 12.3 
1569774698626 11 0 0 -0.04 0 0 0 0 25.2 787.6 32.6 12.3 
1569774698728 11 0 0 -0.08 0 0 0 0 25.2 787.6 32.6 12.3 
1569774698831 11 0 0 -0.04 0 0 0 0 25.2 787.6 32.6 12.3 
1569774698934 11 0 1 -0.08 0 0 0 0 25.2 787.6 32.6 12.3 
1569774699036 11 0 2 -0.04 0 0 0 0 25.2 787.6 32.6 12.3 
1569774699140 12 0 2 -0.08 0 0 0 0 25.2 787.6 32.6 12.3 
1569774699242 12 0 1 -0.04 0 0 0 0 25.2 787.6 32.6 12.3 
1569774699345 12 0 0 -0.08 0 0 0 0 25.2 787.6 32.6 12.3 
1569774699447 12 0 0 -0.04 0 0 0 0 25.2 787.6 32.6 12.3 
1569774699550 12 0 -1 -0.08 0 0 0 0 25.2 787.6 32.6 12.3 
1569774699654 12 0 -2 -0.04 0 0 0 0 25.2 787.6 32.6 12.3 
1569774699756 11 0 -2 -0.08 0 0 0 0 25.2 787.6 32.6 12.3 
1569774699859 11 0 -2 -0.04 0 0 0 0 25.2 787.6 32.6 12.3 
1569774699961 11 0 -2 -0.08 0 0 0 0 25.2 787.6 32.6 12.3 
1569774700065 11 0 -1 -0.04 0 0 0 0 25.2 787.6 33.1 12.3 
1569774700167 10 1 -1 -0.08 0 0 0 0 25.2 787.6 33.1 12.3 
1569774700270 10 0 -1 -0.04 0 0 0 0 25.2 787.6 33.1 12.3 
1569774700374 11 0 0 -0.08 0 0 0 0 25.2 787.6 33.1 12.3 
1569774700476 11 0 -1 -0.04 0 0 0 0 25.2 787.6 33.1 12.3 
1569774700578 11 0 -2 -0.08 0 0 0 0 25.2 787.6 33.1 12.3 
1569774700680 10 0 -1 -0.04 0 0 0 0 25.2 787.6 33.1 12.3 
1569774700785 10 1 0 -0.08 0 0 0 0 25.2 787.6 33.1 12.3 
1569774700888 10 1 1 -0.04 0 0 0 0 25.2 787.6 33.1 12.3 
1569774700991 10 1 2 -0.08 0 0 0 0 25.2 787.6 33.1 12.3 
1569774701094 10 0 1 -0.04 0 0 0 0 25.2 787.6 33.1 12.3 
1569774701198 11 0 1 -0.08 0 0 0 0 25.2 787.6 33.1 12.3 
1569774701300 11 0 1 -0.04 0 0 0 0 25.2 787.6 33.1 12.3 
1569774701403 11 0 1 -0.08 0 0 0 0 25.2 787.6 33.1 12.3 
1569774701506 10 0 0 -0.04 0 0 0 0 25.2 787.6 33.1 12.3 
1569774701608 10 0 0 -0.08 0 0 0 0 25.2 787.6 33.1 12.3 
1569774701712 10 0 0 -0.04 0 0 0 0 25.2 787.6 33.1 12.3 
1569774701815 10 0 -1 -0.08 0 0 0 0 25.2 787.6 33.1 12.3 
1569774701920 10 0 -2 -0.04 0 0 0 0 25.2 787.6 33.1 12.3 
1569774702022 11 0 -3 -0.08 0 0 0 0 25.2 787.6 33.1 12.3 
1569774702128 11 0 -3 -0.04 0 0 0 0 25.2 787.6 33.1 12.3 
1569774702233 11 0 -3 -0.08 0 0 0 0 25.2 787.6 33.1 12.3 
1569774702341 11 0 -2 -0.04 0 0 -19 17 25.2 787.6 33.1 12.3 
1569774702448 10 0 -1 -0.08 0 0 0 0 25.2 787.6 33.1 12.3 
1569774702552 9 0 0 -0.04 0 0 0 0 25.2 787.6 33.1 12.3 
1569774702654 9 0 1 -0.08 0 0 0 0 25.2 787.6 33.1 12.3 
1569774702757 9 0 1 -0.04 0 0 0 0 25.2 787.6 33.1 12.3 
1569774702861 8 0 0 -0.08 0 0 0 0 25.2 787.6 33.1 12.3 
1569774702964 8 0 0 -0.04 0 0 0 0 25.2 787.6 33.1 12.3 
1569774703067 8 0 0 -0.08 0 0 0 0 25.2 787.6 32.6 12.3 
1569774703170 8 0 0 -0.04 0 0 0 0 25.2 787.6 32.6 12.3 
1569774703278 9 0 0 -0.08 0 0 -8 15 25.2 787.6 32.6 12.3 
1569774703387 9 0 0 -0.04 0 0 -22 31 25.2 787.6 32.6 12.3 
1569774703494 10 0 0 -0.08 0 0 -25 34 25.2 787.6 32.6 12.3 
1569774703601 9 0 0 -0.04 0 0 -28 35 25.2 787.6 32.6 12.3 
1569774703709 9 0 1 -0.08 0 0 -32 37 25.2 787.6 32.6 12.3 
1569774703818 9 0 2 -0.04 0 0 0 0 25.2 787.6 32.6 12.3 
1569774703921 8 0 2 -0.08 0 0 0 0 25.2 787.6 32.6 12.3 
1569774704025 8 0 2 -0.04 0 0 0 0 25.2 787.6 32.6 12.3 
1569774704128 7 1 1 -0.08 0 0 0 0 25.2 787.6 32.6 12.3 
1569774704230 6 1 0 -0.04 0 0 0 0 25.2 787.6 32.6 12.3 
1569774704334 5 2 0 -0.08 0 0 0 0 25.2 787.6 32.6 12.3 
1569774704436 4 2 0 -0.04 0 0 0 0 25.2 787.6 32.6 12.3 
1569774704539 2 2 0 -0.08 0 0 0 0 25.2 787.6 32.6 12.3 
1569774704642 1 2 0 -0.04 0 0 0 0 25.2 787.6 32.6 12.3 
1569774704746 0 1 0 -0.08 0 0 0 0 25.2 787.6 32.6 12.3 
1569774704848 0 1 0 -0.04 0 0 0 0 25.2 787.6 32.6 12.3 
1569774704950 0 1 -2 -0.08 0 0 0 0 25.2 787.6 32.6 12.3 
1569774705054 0 1 -3 -0.04 0 0 0 0 25.2 787.6 32.6 12.3 
1569774705158 0 2 -4 -0.08 0 0 0 0 25.2 787.6 32.6 12.3 
1569774705260 0 2 -4 -0.04 0 0 0 0 25.2 787.6 32.6 12.3 
1569774705366 0 2 -2 -0.08 0 0 0 0 25.2 787.6 32.6 12.3 
1569774705468 -1 1 -1 -0.04 0 0 0 0 25.2 787.6 32.6 12.3 
1569774705571 -1 1 0 -0.08 0 0 0 0 25.2 787.6 32.6 12.3 
1569774705675 -1 1 0 -0.04 0 0 0 0 25.2 787.6 32.6 12.3 
1569774705778 -1 1 1 -0.08 0 0 0 0 25.2 787.6 32.6 12.3 
1569774705880 0 1 1 -0.04 0 0 0 0 25.2 787.6 32.6 12.3 
1569774705984 0 1 1 -0.08 0 0 0 0 25.2 787.6 32.6 12.3 
1569774706087 0 1 1 -0.04 0 0 0 0 25.2 787.6 32.6 12.3 
1569774706190 0 0 2 -0.08 0 0 0 0 25.2 787.6 32.6 12.3 
1569774706293 -1 0 2 -0.04 0 0 0 0 25.2 787.6 32.6 12.3 
1569774706395 0 0 1 -0.08 0 0 0 0 25.2 787.6 32.6 12.3 
1569774706499 0 0 1 -0.04 0 0 0 0 25.2 787.6 32.6 12.3 
1569774706601 0 0 0 -0.08 0 0 0 0 25.2 787.6 32.6 12.3 
1569774706704 0 0 -1 -0.04 0 0 0 0 25.2 787.6 32.6 12.3 
1569774706809 0 0 -2 -0.08 0 0 0 0 25.2 787.6 32.6 12.3 
1569774706912 0 0 -3 -0.04 0 0 0 0 25.2 787.6 32.6 12.3 
1569774707017 0 0 -4 -0.08 0 0 0 0 25.2 787.6 32.6 12.3 
1569774707120 0 -1 -3 -0.04 0 0 0 0 25.2 787.6 32.6 12.3 
1569774707224 0 -1 -3 -0.08 0 0 0 0 25.2 787.6 32.6 12.3 
1569774707327 0 -1 -3 -0.04 0 0 0 0 25.2 787.6 32.6 12.3 
1569774707441 0 0 -3 -0.08 0 0 0 0 25.2 787.6 32.6 12.3 
1569774707544 0 0 -2 -0.04 0 0 0 0 25.2 787.6 32.6 12.3 
1569774707646 0 0 -1 -0.08 0 0 0 0 25.2 787.6 32.6 12.3 
1569774707750 0 0 0 -0.04 0 0 0 0 25.2 787.6 32.6 12.3 
1569774707854 0 0 3 -0.08 0 0 0 0 25.2 787.6 32.6 12.3 
1569774707956 0 0 4 -0.04 0 0 0 0 25.2 787.6 32.6 12.3 
1569774708060 1 0 4 -0.08 0 0 0 0 25.2 787.6 32.6 12.3 
1569774708162 1 0 3 -0.04 0 0 0 0 25.2 787.6 32.6 12.3 
1569774708266 2 0 2 -0.08 0 0 0 0 25.2 787.6 32.6 12.3 
1569774708368 3 0 1 -0.04 0 0 0 0 25.2 787.6 32.6 12.3 
1569774708472 3 0 1 -0.08 0 0 0 0 25.2 787.6 32.6 12.3 
1569774708575 3 0 0 -0.04 0 0 0 0 25.2 787.6 32.6 12.3 
1569774708678 4 0 0 -0.08 0 0 0 0 25.2 787.6 32.6 12.3 
1569774708780 3 1 0 -0.04 0 0 0 0 25.2 787.6 32.6 12.3 
1569774708883 3 1 -2 -0.08 0 0 0 0 25.2 787.6 32.6 12.3 
1569774708987 4 1 -3 -0.04 0 0 0 0 25.2 787.6 32.6 12.3 
1569774709090 4 0 -4 -0.08 0 0 0 0 25.2 787.6 32.6 12.3 
1569774709193 5 0 -5 -0.04 0 0 0 0 25.2 787.6 32.6 12.3 
1569774709295 6 0 -5 -0.08 0 0 0 0 25.2 787.6 32.6 12.3 
1569774709398 6 0 -4 -0.04 0 0 0 0 25.2 787.6 32.6 12.3 
1569774709504 7 0 -2 -0.08 0 0 0 0 25.2 787.6 32.6 12.3 
1569774709606 7 0 0 -0.04 0 0 0 0 25.2 787.6 32.6 12.3 
1569774709709 7 0 0 -0.08 0 0 0 0 25.2 787.6 32.6 12.3 
1569774709812 7 0 2 -0.04 0 0 0 0 25.2 787.6 32.6 12.3 
1569774709915 7 0 2 -0.08 0 0 0 0 25.2 787.6 32.6 12.3 
1569774710019 7 0 3 -0.04 0 0 0 0 25.2 787.6 32.6 12.3 
1569774710121 8 0 3 -0.08 0 0 0 0 25.2 787.6 32.6 12.3 
1569774710225 8 0 3 -0.04 0 0 0 0 25.2 787.6 32.6 12.3 
1569774710328 9 0 2 -0.08 0 0 0 0 25.2 787.6 32.6 12.3 
1569774710431 10 1 1 -0.04 0 0 0 0 25.2 787.6 32.6 12.3 
1569774710534 10 1 -1 -0.08 0 0 0 0 25.2 787.6 32.6 12.3 
1569774710637 11 1 -2 -0.04 0 0 0 0 25.2 787.6 32.6 12.3 
1569774710739 11 0 -2 -0.08 0 0 0 0 25.2 787.6 32.6 12.3 
1569774710841 11 0 -2 -0.04 0 0 0 0 25.2 787.6 32.6 12.3 
1569774710944 11 0 -1 -0.08 0 0 0 0 25.2 787.6 32.6 12.3 
1569774711047 12 0 -2 -0.04 0 0 0 0 25.2 787.6 32.6 12.3 
1569774711151 12 0 -2 -0.08 0 0 0 0 25.2 787.6 32.6 12.3 
1569774711254 12 0 -2 -0.04 0 0 0 0 25.2 787.6 32.6 12.3 
1569774711357 13 0 -2 -0.08 0 0 0 0 25.2 787.6 32.6 12.3 
1569774711460 13 0 0 -0.04 0 0 0 0 25.2 787.6 32.6 12.3 
1569774711563 13 0 0 -0.08 0 0 0 0 25.2 787.6 32.6 12.3 
1569774711667 14 0 0 -0.04 0 0 0 0 25.2 787.6 32.6 12.3 
1569774711770 14 0 1 -0.08 0 0 0 0 25.2 787.6 32.6 12.3 
1569774711874 15 0 0 -0.04 0 0 0 0 25.2 787.6 32.6 12.3 
1569774711977 16 0 0 -0.08 0 0 0 0 25.2 787.6 32.6 12.3 
1569774712081 16 0 0 -0.04 0 0 0 0 25.2 787.6 32.6 12.3 
1569774712184 16 0 0 -0.08 0 0 0 0 25.2 787.6 33.1 12.3 
1569774712286 16 1 0 -0.04 0 0 0 0 25.2 787.6 33.1 12.3 
1569774712389 16 1 0 -0.08 0 0 0 0 25.2 787.6 33.1 12.3 
1569774712492 17 1 0 -0.04 0 0 0 0 25.2 787.6 33.1 12.3 
1569774712596 17 0 -1 -0.08 0 0 0 0 25.2 787.6 33.1 12.3 
1569774712700 17 0 -1 -0.04 0 0 0 0 25.2 787.6 33.1 12.3 
1569774712803 17 0 -1 -0.08 0 0 0 0 25.2 787.6 33.1 12.3 
1569774712905 18 0 0 -0.04 0 0 0 0 25.2 787.6 33.1 12.3 
1569774713007 18 1 0 -0.08 0 0 0 0 25.2 787.6 33.1 12.3 
1569774713109 19 1 0 -0.04 0 0 0 0 25.2 787.6 33.1 12.3 
1569774713212 19 0 0 -0.08 0 0 0 0 25.2 787.6 33.1 12.3 
1569774713314 20 0 0 -0.04 0 0 0 0 25.2 787.6 33.1 12.3 
1569774713417 20 0 1 -0.08 0 0 0 0 25.2 787.6 33.1 12.3 
1569774713520 20 0 1 -0.04 0 0 0 0 25.2 787.6 33.1 12.3 
1569774713624 21 0 0 -0.08 0 0 0 0 25.2 787.6 33.1 12.3 
1569774713726 21 0 -2 -0.04 0 0 0 0 25.2 787.6 33.1 12.3 
1569774713831 21 0 -3 -0.08 0 0 0 0 25.2 787.6 33.1 12.3 
1569774713933 21 0 -2 -0.04 0 0 0 0 25.2 787.6 33.1 12.3 
1569774714035 21 0 -2 -0.08 0 0 0 0 25.2 787.6 33.1 12.3 
1569774714140 22 0 -2 -0.04 0 0 0 0 25.2 787.6 33.1 12.3 
1569774714243 23 0 -2 -0.08 0 0 0 0 25.2 787.6 33.1 12.3 
1569774714345 23 0 0 -0.04 0 0 0 0 25.2 787.6 33.1 12.3 
1569774714447 24 0 0 -0.08 0 0 0 0 25.2 787.6 33.1 12.3 
1569774714551 23 0 1 -0.04 0 0 0 0 25.2 787.6 33.1 12.3 
1569774714653 23 0 1 -0.08 0 0 0 0 25.2 787.6 33.1 12.3 
1569774714755 23 0 1 -0.04 0 0 0 0 25.2 787.6 33.1 12.3 
1569774714858 23 0 0 -0.08 0 0 0 0 25.2 787.6 33.1 12.3 
1569774714960 24 0 0 -0.04 0 0 0 0 25.2 787.6 33.1 12.3 
1569774715064 24 0 -2 -0.08 0 0 0 0 25.2 787.6 33.1 12.3 
1569774715167 24 0 -2 -0.04 0 0 0 0 25.2 787.6 32.6 12.3 
1569774715269 25 0 -1 -0.08 0 0 0 0 25.2 787.6 32.6 12.3 
1569774715372 25 0 0 -0.04 0 0 0 0 25.2 787.6 32.6 12.3 
1569774715476 25 0 0 -0.08 0 0 0 0 25.2 787.6 32.6 12.3 
1569774715579 25 1 1 -0.04 0 0 0 0 25.2 787.6 32.6 12.3 
1569774715682 25 1 1 -0.08 0 0 0 0 25.2 787.6 32.6 12.3 
1569774715785 26 1 1 -0.04 0 0 0 0 25.2 787.6 32.6 12.3 
1569774715888 27 1 0 -0.08 0 0 0 0 25.2 787.6 32.6 12.3 
1569774715990 27 1 0 -0.04 0 0 0 0 25.2 787.6 32.6 12.3 
1569774716094 27 0 0 -0.08 0 0 0 0 25.2 787.6 32.6 12.3 
1569774716197 27 0 0 -0.04 0 0 0 0 25.2 787.6 32.6 12.3 
1569774716301 26 0 0 -0.08 0 0 0 0 25.2 787.6 32.6 12.3 
1569774716403 26 0 0 -0.04 0 0 0 0 25.2 787.6 32.6 12.3 
1569774716506 27 0 -1 -0.08 0 0 0 0 25.2 787.6 32.6 12.3 
1569774716610 27 0 -3 -0.04 0 0 0 0 25.2 787.6 32.6 12.3 
1569774716713 27 0 -4 -0.08 0 0 0 0 25.2 787.6 32.6 12.3 
1569774716816 28 0 -3 -0.04 0 0 0 0 25.2 787.6 32.6 12.3 
1569774716919 28 0 -3 -0.08 0 0 0 0 25.2 787.6 32.6 12.3 
1569774717024 28 0 -1 -0.04 0 0 0 0 25.2 787.6 32.6 12.3 
1569774717126 28 0 0 -0.08 0 0 0 0 25.2 787.6 32.6 12.3 
1569774717232 28 0 0 -0.04 0 0 0 0 25.2 787.6 32.6 12.3 
1569774717336 28 0 1 -0.08 0 0 0 0 25.2 787.6 32.6 12.3 
1569774717439 28 0 2 -0.04 0 0 0 0 25.2 787.6 32.6 12.3 
1569774717542 28 0 3 -0.08 0 0 0 0 25.2 787.6 32.6 12.3 
1569774717646 28 0 4 -0.04 0 0 0 0 25.2 787.6 32.6 12.3 
1569774717749 28 0 3 -0.08 0 0 0 0 25.2 787.6 32.6 12.3 
1569774717851 28 0 2 -0.04 0 0 0 0 25.2 787.6 32.6 12.3 
1569774717955 28 0 0 -0.08 0 0 0 0 25.2 787.6 32.6 12.3 
1569774718057 28 0 -2 -0.04 0 0 0 0 25.2 787.6 32.6 12.3 
1569774718160 28 0 -3 -0.08 0 0 0 0 25.2 787.6 32.0 12.3 
1569774718264 28 0 -3 -0.04 0 0 0 0 25.2 787.6 32.0 12.3 
1569774718367 28 0 -3 -0.08 0 0 0 0 25.2 787.6 32.0 12.3 
1569774718471 28 0 -3 -0.04 0 0 0 0 25.2 787.6 32.0 12.3 
1569774718574 28 0 -3 -0.08 0 0 0 0 25.2 787.6 32.0 12.3 
1569774718676 29 0 -3 -0.04 0 0 0 0 25.2 787.6 32.0 12.3 
1569774718779 29 0 -3 -0.08 0 0 0 0 25.2 787.6 32.0 12.3 
1569774718883 29 0 -2 -0.04 0 0 0 0 25.2 787.6 32.0 12.3 
1569774718986 29 0 0 -0.08 0 0 0 0 25.2 787.6 32.0 12.3 
1569774719089 29 0 1 -0.04 0 0 0 0 25.2 787.6 32.0 12.3 
1569774719192 29 0 2 -0.08 0 0 0 0 25.2 787.6 32.0 12.3 
1569774719295 29 0 3 -0.04 0 0 0 0 25.2 787.6 32.0 12.3 
1569774719398 29 0 3 -0.08 0 0 0 0 25.2 787.6 32.0 12.3 
1569774719501 29 0 4 -0.04 0 0 0 0 25.2 787.6 32.0 12.3 
1569774719603 30 0 3 -0.08 0 0 0 0 25.2 787.6 32.0 12.3 
1569774719707 30 0 2 -0.04 0 0 0 0 25.2 787.6 32.0 12.3 
1569774719809 30 0 0 -0.08 0 0 0 0 25.2 787.6 32.0 12.3 
1569774719913 30 0 -1 -0.04 0 0 0 0 25.2 787.6 32.0 12.3 
1569774720016 30 0 -3 -0.08 0 0 0 0 25.2 787.6 32.0 12.3 
1569774720119 29 0 -4 -0.04 0 0 0 0 25.2 787.6 32.0 12.3 
1569774720225 29 0 -6 -0.08 0 0 0 0 25.2 787.6 32.0 12.3 
1569774720327 29 0 -6 -0.04 0 0 0 0 25.2 787.6 32.0 12.3 
1569774720431 29 0 -7 -0.08 0 0 0 0 25.2 787.6 32.0 12.3 
1569774720533 29 0 -5 -0.04 0 0 0 0 25.2 787.6 32.0 12.3 
1569774720637 29 0 -3 -0.08 0 0 0 0 25.2 787.6 32.0 12.3 
1569774720741 29 0 0 -0.04 0 0 0 0 25.2 787.6 32.0 12.3 
1569774720844 29 0 1 -0.08 0 0 0 0 25.2 787.6 32.0 12.3 
1569774720946 29 0 2 -0.04 0 0 0 0 25.2 787.6 32.0 12.3 
1569774721050 29 0 4 -0.08 0 0 0 0 25.2 787.6 32.0 12.3 
1569774721153 29 0 5 -0.04 0 0 0 0 25.2 787.6 32.0 12.3 
1569774721257 29 0 6 -0.08 0 0 0 0 25.2 787.6 32.0 12.3 
1569774721360 29 0 5 -0.04 0 0 0 0 25.2 787.6 32.0 12.3 
1569774721462 30 0 4 -0.08 0 0 0 0 25.2 787.6 32.0 12.3 
1569774721566 30 0 2 -0.04 0 0 0 0 25.2 787.6 32.0 12.3 
1569774721669 30 0 0 -0.08 0 0 0 0 25.2 787.6 32.0 12.3 
1569774721773 29 0 0 -0.04 0 0 0 0 25.2 787.6 32.0 12.3 
1569774721877 29 0 -3 -0.08 0 0 0 0 25.2 787.6 32.0 12.3 
1569774721980 29 0 -6 -0.04 0 0 0 0 25.2 787.6 32.0 12.3 
1569774722086 30 0 -8 -0.08 0 0 0 0 25.2 787.6 32.0 12.3 
1569774722188 30 1 -9 -0.04 0 0 0 0 25.2 787.6 32.0 12.3 
1569774722291 30 1 -7 -0.08 0 0 0 0 25.2 787.6 32.0 12.3 
1569774722394 30 1 -3 -0.04 0 0 0 0 25.2 787.6 32.0 12.3 
1569774722498 30 1 0 -0.08 0 0 0 0 25.2 787.6 32.0 12.3 
1569774722600 29 1 2 -0.04 0 0 0 0 25.2 787.6 32.0 12.3 
1569774722702 29 1 4 -0.08 0 0 0 0 25.2 787.6 32.0 12.3 
1569774722806 29 1 5 -0.04 0 0 0 0 25.2 787.6 32.0 12.3 
1569774722909 29 0 5 -0.08 0 0 0 0 25.2 787.6 32.0 12.3 
1569774723012 29 0 4 -0.04 0 0 0 0 25.2 787.6 32.0 12.3 
1569774723115 30 0 3 -0.08 0 0 0 0 25.2 787.6 32.0 12.3 
1569774723217 30 0 2 -0.04 0 0 0 0 25.2 787.6 32.0 12.3 
1569774723325 30 0 0 -0.08 0 0 0 0 25.2 787.6 32.0 12.3 
1569774723428 30 0 -1 -0.04 0 0 0 0 25.2 787.6 32.0 12.3 
1569774723531 30 0 -4 -0.08 0 0 0 0 25.2 787.6 32.0 12.3 
1569774723633 30 0 -5 -0.04 0 0 0 0 25.2 787.6 32.0 12.3 
1569774723737 30 0 -4 -0.08 0 0 0 0 25.2 787.6 32.0 12.3 
1569774723839 30 0 -3 -0.04 0 0 0 0 25.2 787.6 32.0 12.3 
1569774723942 30 0 -3 -0.08 0 0 0 0 25.2 787.6 32.0 12.3 
1569774724046 30 0 -2 -0.04 0 0 0 0 25.2 787.6 32.0 12.3 
1569774724164 30 0 -1 -0.08 0 0 0 0 25.2 787.6 32.0 12.3 
1569774724267 30 0 0 -0.04 0 0 0 0 25.2 787.6 32.6 12.3 
1569774724371 30 0 1 -0.08 0 0 0 0 25.2 787.6 32.6 12.3 
1569774724474 30 0 2 -0.04 0 0 0 0 25.2 787.6 32.6 12.3 
1569774724577 30 0 3 -0.08 0 0 0 0 25.2 787.6 32.6 12.3 
1569774724680 30 0 2 -0.04 0 0 0 0 25.2 787.6 32.6 12.3 
1569774724783 31 0 2 -0.08 0 0 0 0 25.2 787.6 32.6 12.3 
1569774724885 31 0 1 -0.04 0 0 0 0 25.2 787.6 32.6 12.3 
1569774724987 31 0 0 -0.08 0 0 0 0 25.2 787.6 32.6 12.3 
1569774725091 31 0 0 -0.04 0 0 0 0 25.2 787.6 32.6 12.3 
1569774725193 31 0 -3 -0.08 0 0 0 0 25.2 787.6 32.6 12.3 
1569774725295 31 0 -4 -0.04 0 0 0 0 25.2 787.6 32.6 12.3 
1569774725398 31 0 -5 -0.08 0 0 0 0 25.2 787.6 32.6 12.3 
1569774725501 31 0 -4 -0.04 0 0 0 0 25.2 787.6 32.6 12.3 
1569774725605 31 0 -1 -0.08 0 0 0 0 25.2 787.6 32.6 12.3 
1569774725708 30 0 0 -0.04 0 0 0 0 25.2 787.6 32.6 12.3 
1569774725813 30 0 2 -0.08 0 0 0 0 25.2 787.6 32.6 12.3 
1569774725916 31 0 3 -0.04 0 0 0 0 25.2 787.6 32.6 12.3 
1569774726021 31 0 3 -0.08 0 0 0 0 25.2 787.6 32.6 12.3 
1569774726124 31 0 3 -0.04 0 0 0 0 25.2 787.6 32.6 12.3 
1569774726226 31 0 2 -0.08 0 0 0 0 25.2 787.6 32.6 12.3 
1569774726329 31 0 1 -0.04 0 0 0 0 25.2 787.6 32.6 12.3 
1569774726432 31 0 0 -0.08 0 0 0 0 25.2 787.6 32.6 12.3 
1569774726535 31 0 -1 -0.04 0 0 0 0 25.2 787.6 32.6 12.3 
1569774726638 31 0 -2 -0.08 0 0 0 0 25.2 787.6 32.6 12.3 
1569774726740 31 1 -3 -0.04 0 0 0 0 25.2 787.6 32.6 12.3 
1569774726843 31 0 -4 -0.08 0 0 0 0 25.2 787.6 32.6 12.3 
1569774726947 31 0 -5 -0.04 0 0 0 0 25.2 787.6 32.6 12.3 
1569774727051 31 0 -6 -0.08 0 0 0 0 25.2 787.6 32.6 12.3 
1569774727153 31 0 -5 -0.04 0 0 0 0 25.2 787.6 32.6 12.3 
1569774727256 31 0 -3 -0.08 0 0 0 0 25.2 787.6 32.6 12.3 
1569774727359 31 0 -1 -0.04 0 0 0 0 25.2 787.6 32.6 12.3 
1569774727460 30 0 1 -0.08 0 0 0 0 25.2 787.6 32.6 12.3 
1569774727563 30 0 4 -0.04 0 0 0 0 25.2 787.6 32.6 12.3 
1569774727665 30 0 5 -0.08 0 0 0 0 25.2 787.6 32.6 12.3 
1569774727768 30 0 5 -0.04 0 0 0 0 25.2 787.6 32.6 12.3 
1569774727870 30 0 4 -0.08 0 0 0 0 25.2 787.6 32.6 12.3 
1569774727974 31 0 3 -0.04 0 0 0 0 25.2 787.6 32.6 12.3 
1569774728077 31 0 1 -0.08 0 0 0 0 25.2 787.6 32.6 12.3 
1569774728180 32 0 0 -0.04 0 0 0 0 25.2 787.6 32.6 12.3 
1569774728283 32 0 -2 -0.08 0 0 0 0 25.2 787.6 32.6 12.3 
1569774728386 32 0 -3 -0.04 0 0 0 0 25.2 787.6 32.6 12.3 
1569774728489 32 0 -3 -0.08 0 0 0 0 25.2 787.6 32.6 12.3 
1569774728591 32 1 -4 -0.04 0 0 0 0 25.2 787.6 32.6 12.3 
1569774728696 31 1 -3 -0.08 0 0 0 0 25.2 787.6 32.6 12.3 
1569774728799 31 0 -3 -0.04 0 0 0 0 25.2 787.6 32.6 12.3 
1569774728903 31 0 -2 -0.08 0 0 0 0 25.2 787.6 32.6 12.3 
1569774729006 31 0 -1 -0.04 0 0 0 0 25.2 787.6 32.6 12.3 
1569774729109 31 0 0 -0.08 0 0 0 0 25.2 787.6 32.6 12.3 
1569774729212 31 0 0 -0.04 0 0 0 0 25.2 787.6 32.6 12.3 
1569774729316 31 0 0 -0.08 0 0 0 0 25.2 787.6 32.6 12.3 
1569774729419 31 0 1 -0.04 0 0 0 0 25.2 787.6 32.6 12.3 
1569774729521 31 0 1 -0.08 0 0 0 0 25.2 787.6 32.6 12.3 
1569774729626 31 0 2 -0.04 0 0 0 0 25.2 787.6 32.6 12.3 
1569774729728 31 0 2 -0.08 0 0 0 0 25.2 787.6 32.6 12.3 
1569774729832 32 0 2 -0.04 0 0 0 0 25.2 787.6 32.6 12.3 
1569774729935 32 0 0 -0.08 0 0 0 0 25.2 787.6 32.6 12.3 
1569774730049 32 0 0 -0.04 0 0 0 0 25.2 787.6 32.6 12.3 
1569774730152 32 0 -1 -0.08 0 0 0 0 25.2 787.6 32.6 12.3 
1569774730256 32 0 -2 -0.04 0 0 0 0 25.2 787.6 32.6 12.3 
1569774730359 32 0 -3 -0.08 0 0 0 0 25.2 787.6 32.6 12.3 
1569774730465 32 0 -3 -0.04 0 0 0 0 25.2 787.6 32.6 12.3 
1569774730567 32 0 -3 -0.08 0 0 0 0 25.2 787.6 32.6 12.3 
1569774730673 32 0 -3 -0.04 0 0 0 0 25.2 787.6 32.6 12.3 
1569774730775 31 1 -2 -0.08 0 0 0 0 25.2 787.6 32.6 12.3 
1569774730877 31 0 -1 -0.04 0 0 0 0 25.2 787.6 32.6 12.3 
1569774730980 31 0 0 -0.08 0 0 0 0 25.2 787.6 32.6 12.3 
1569774731084 31 0 1 -0.04 0 0 0 0 25.2 787.6 32.6 12.3 
1569774731186 32 0 1 -0.08 0 0 0 0 25.2 787.6 32.6 12.3 
1569774731289 32 0 2 -0.04 0 0 0 0 25.2 787.6 32.6 12.3 
1569774731391 32 0 2 -0.08 0 0 0 0 25.2 787.6 32.6 12.3 
1569774731494 32 1 1 -0.04 0 0 0 0 25.2 787.6 32.6 12.3 
1569774731597 32 1 1 -0.08 0 0 0 0 25.2 787.6 32.6 12.3 
1569774731699 32 0 0 -0.04 0 0 0 0 25.2 787.6 32.6 12.3 
1569774731802 32 0 0 -0.08 0 0 0 0 25.2 787.6 32.6 12.3 
1569774731906 32 0 0 -0.04 0 0 0 0 25.2 787.6 32.6 12.3 
1569774732008 32 0 0 -0.08 0 0 0 0 25.2 787.6 32.6 12.3 
1569774732111 32 0 0 -0.04 0 0 0 0 25.2 787.6 32.6 12.3 
1569774732214 32 0 0 -0.08 0 0 0 0 25.2 787.6 32.6 12.3 
1569774732317 32 0 -1 -0.04 0 0 0 0 25.2 787.6 32.6 12.3 
1569774732419 33 0 -3 -0.08 0 0 0 0 25.2 787.6 32.6 12.3 
1569774732522 33 0 -3 -0.04 0 0 0 0 25.2 787.6 32.6 12.3 
1569774732625 33 0 -3 -0.08 0 0 0 0 25.2 787.6 32.6 12.3 
1569774732728 33 0 -2 -0.04 0 0 0 0 25.2 787.6 32.6 12.3 
1569774732831 33 0 -1 -0.08 0 0 0 0 25.2 787.6 32.6 12.3 
1569774732933 33 0 0 -0.04 0 0 0 0 25.2 787.6 32.6 12.3 
1569774733039 33 0 -1 -0.08 0 0 0 0 25.2 787.6 32.6 12.3 
1569774733141 33 0 0 -0.04 0 0 0 0 25.2 787.6 32.6 12.3 
1569774733243 33 0 0 -0.08 0 0 0 0 25.2 787.6 32.0 12.3 
1569774733346 33 0 0 -0.04 0 0 0 0 25.2 787.6 32.0 12.3 
1569774733448 33 1 0 -0.08 0 0 0 0 25.2 787.6 32.0 12.3 
1569774733551 33 1 1 -0.04 0 0 0 0 25.2 787.6 32.0 12.3 
1569774733655 32 0 1 -0.08 0 0 0 0 25.2 787.6 32.0 12.3 
1569774733757 32 0 2 -0.04 0 0 0 0 25.2 787.6 32.0 12.3 
1569774733860 32 0 1 -0.08 0 0 0 0 25.2 787.6 32.0 12.3 
1569774733963 32 0 1 -0.04 0 0 0 0 25.2 787.6 32.0 12.3 
1569774734068 33 0 0 -0.08 0 0 0 0 25.2 787.6 32.0 12.3 
1569774734170 33 0 0 -0.04 0 0 0 0 25.2 787.6 32.0 12.3 
1569774734272 34 0 -1 -0.08 0 0 0 0 25.2 787.6 32.0 12.3 
1569774734375 34 0 -2 -0.04 0 0 0 0 25.2 787.6 32.0 12.3 
1569774734477 34 1 -3 -0.08 0 0 0 0 25.2 787.6 32.0 12.3 
1569774734580 34 1 -3 -0.04 0 0 0 0 25.2 787.6 32.0 12.3 
1569774734683 33 0 -2 -0.08 0 0 0 0 25.2 787.6 32.0 12.3 
1569774734786 33 0 0 -0.04 0 0 0 0 25.2 787.6 32.0 12.3 
1569774734889 33 0 0 -0.08 0 0 0 0 25.2 787.6 32.0 12.3 
1569774734994 33 0 0 -0.04 0 0 0 0 25.2 787.6 32.0 12.3 
1569774735096 33 0 0 -0.08 0 0 0 0 25.2 787.6 32.0 12.3 
1569774735198 34 0 0 -0.04 0 0 0 0 25.2 787.6 32.0 12.3 
1569774735302 34 0 -2 -0.08 0 0 0 0 25.2 787.6 32.0 12.3 
1569774735404 34 1 -2 -0.04 0 0 0 0 25.2 787.6 32.0 12.3 
1569774735508 34 0 -1 -0.08 0 0 0 0 25.2 787.6 32.0 12.3 
1569774735610 34 0 0 -0.04 0 0 0 0 25.2 787.6 32.0 12.3 
1569774735713 34 0 0 -0.08 0 0 0 0 25.2 787.6 32.0 12.3 
1569774735817 35 0 0 -0.04 0 0 0 0 25.2 787.6 32.0 12.3 
1569774735919 35 0 -1 -0.08 0 0 0 0 25.2 787.6 32.0 12.3 
1569774736025 34 1 -2 -0.04 0 0 0 0 25.2 787.6 32.0 12.3 
1569774736127 34 1 0 -0.08 0 0 0 0 25.2 787.6 32.0 12.3 
1569774736245 34 2 0 -0.04 0 0 0 0 25.2 787.6 32.0 12.3 
1569774736348 34 1 2 -0.08 0 0 0 0 25.2 787.6 32.0 12.3 
1569774736451 35 0 2 -0.04 0 0 0 0 25.2 787.6 32.0 12.3 
1569774736556 35 0 1 -0.08 0 0 0 0 25.2 787.6 32.0 12.3 
1569774736660 35 0 0 -0.04 0 0 0 0 25.2 787.6 32.0 12.3 
1569774736763 35 0 -1 -0.08 0 0 0 0 25.2 787.6 32.0 12.3 
1569774736865 35 0 -2 -0.04 0 0 0 0 25.2 787.6 32.0 12.3 
1569774736969 35 1 -1 -0.08 0 0 0 0 25.2 787.6 32.0 12.3 
1569774737073 35 1 -1 -0.04 0 0 0 0 25.2 787.6 32.0 12.3 
1569774737175 35 1 -1 -0.08 0 0 0 0 25.2 787.6 32.0 12.3 
1569774737281 35 1 -1 -0.04 0 0 0 0 25.2 787.6 32.0 12.3 
1569774737383 36 1 -1 -0.08 0 0 0 0 25.2 787.6 32.0 12.3 
1569774737488 36 1 0 -0.04 0 0 0 0 25.2 787.6 32.0 12.3 
1569774737590 35 1 1 -0.08 0 0 0 0 25.2 787.6 32.0 12.3 
1569774737694 35 1 1 -0.04 0 0 0 0 25.2 787.6 32.0 12.3 
1569774737796 36 0 1 -0.08 0 0 0 0 25.2 787.6 32.0 12.3 
1569774737899 36 0 0 -0.04 0 0 0 0 25.2 787.6 32.0 12.3 
1569774738002 36 0 -1 -0.08 0 0 0 0 25.2 787.6 32.0 12.3 
1569774738104 37 0 -2 -0.04 0 0 0 0 25.2 787.6 32.0 12.3 
1569774738208 37 0 -3 -0.08 0 0 0 0 25.2 787.6 32.0 12.3 
1569774738310 37 0 -2 -0.04 0 0 0 0 25.2 787.6 32.0 12.3 
1569774738412 37 0 -1 -0.08 0 0 0 0 25.2 787.6 32.0 12.3 
1569774738514 36 0 0 -0.04 0 0 0 0 25.2 787.6 32.0 12.3 
1569774738616 36 0 1 -0.08 0 0 0 0 25.2 787.6 32.0 12.3 
1569774738719 36 0 1 -0.04 0 0 0 0 25.2 787.6 32.0 12.3 
1569774738822 36 0 0 -0.08 0 0 0 0 25.2 787.6 32.0 12.3 
1569774738926 36 0 0 -0.04 0 0 0 0 25.2 787.6 32.0 12.3 
1569774739028 36 0 0 -0.08 0 0 0 0 25.2 787.6 32.0 12.3 
1569774739132 36 0 0 -0.04 0 0 0 0 25.2 787.6 32.0 12.3 
1569774739236 35 0 0 -0.08 0 0 0 0 25.2 787.6 32.0 12.3 
1569774739341 36 0 -1 -0.04 0 0 0 0 25.2 787.6 33.1 12.3 
1569774739444 36 0 -2 -0.08 0 0 0 0 25.2 787.6 33.1 12.3 
1569774739547 36 0 -3 -0.04 0 0 0 0 25.2 787.6 33.1 12.3 
1569774739650 37 0 -4 -0.08 0 0 0 0 25.2 787.6 33.1 12.3 
1569774739752 38 0 -5 -0.04 0 0 0 0 25.2 787.6 33.1 12.3 
1569774739856 38 0 -4 -0.08 0 0 0 0 25.2 787.6 33.1 12.3 
1569774739959 38 0 -2 -0.04 0 0 0 0 25.2 787.6 33.1 12.3 
1569774740063 38 0 1 -0.08 0 0 0 0 25.2 787.6 33.1 12.3 
1569774740165 37 0 3 -0.04 0 0 0 0 25.2 787.6 33.1 12.3 
1569774740269 37 0 4 -0.08 0 0 0 0 25.2 787.6 33.1 12.3 
1569774740371 37 0 3 -0.04 0 0 0 0 25.2 787.6 33.1 12.3 
1569774740474 37 0 2 -0.08 0 0 0 0 25.2 787.6 33.1 12.3 
1569774740577 37 1 1 -0.04 0 0 0 0 25.2 787.6 33.1 12.3 
1569774740680 38 1 0 -0.08 0 0 0 0 25.2 787.6 33.1 12.3 
1569774740786 38 2 0 -0.04 0 0 0 0 25.2 787.6 33.1 12.3 
1569774740888 38 1 -1 -0.08 0 0 0 0 25.2 787.6 33.1 12.3 
1569774740992 38 1 -3 -0.04 0 0 0 0 25.2 787.6 33.1 12.3 
1569774741095 38 1 -3 -0.08 0 0 0 0 25.2 787.6 33.1 12.3 
1569774741200 37 1 -3 -0.04 0 0 0 0 25.2 787.6 33.1 12.3 
1569774741303 37 1 -3 -0.08 0 0 0 0 25.2 787.6 33.1 12.3 
1569774741406 37 1 -2 -0.04 0 0 0 0 25.2 787.6 33.1 12.3 
1569774741512 37 1 -1 -0.08 0 0 0 0 25.2 787.6 33.1 12.3 
1569774741614 38 1 0 -0.04 0 0 0 0 25.2 787.6 33.1 12.3 
1569774741718 38 0 0 -0.08 0 0 0 0 25.2 787.6 33.1 12.3 
1569774741821 39 0 0 -0.04 0 0 0 0 25.2 787.6 33.1 12.3 
1569774741926 39 0 0 -0.08 0 0 0 0 25.2 787.6 33.1 12.3 
1569774742029 39 0 1 -0.04 0 0 0 0 25.2 787.6 33.1 12.3 
1569774742133 39 0 2 -0.08 0 0 0 0 25.2 787.6 33.1 12.3 
1569774742236 40 0 2 -0.04 0 0 0 0 25.2 787.6 33.1 12.3 
1569774742339 40 0 1 -0.08 0 0 0 0 25.2 787.6 32.6 12.3 
1569774742442 40 0 1 -0.04 0 0 0 0 25.2 787.6 32.6 12.3 
1569774742545 40 0 0 -0.08 0 0 0 0 25.2 787.6 32.6 12.3 
1569774742648 40 0 -1 -0.04 0 0 0 0 25.2 787.6 32.6 12.3 
1569774742751 39 0 -2 -0.08 0 0 0 0 25.2 787.6 32.6 12.3 
1569774742853 39 0 -3 -0.04 0 0 0 0 25.2 787.6 32.6 12.3 
1569774742956 38 0 -3 -0.08 0 0 0 0 25.2 787.6 32.6 12.3 
1569774743059 38 0 -2 -0.04 0 0 0 0 25.2 787.6 32.6 12.3 
1569774743161 38 0 -2 -0.08 0 0 0 0 25.2 787.6 32.6 12.3 
1569774743264 37 0 -1 -0.04 0 0 0 0 25.2 787.6 32.6 12.3 
1569774743367 37 0 -1 -0.08 0 0 0 0 25.2 787.6 32.6 12.3 
1569774743469 38 0 -1 -0.04 0 0 0 0 25.2 787.6 32.6 12.3 
1569774743571 38 0 0 -0.08 0 0 0 0 25.2 787.6 32.6 12.3 
1569774743674 38 0 0 -0.04 0 0 0 0 25.2 787.6 32.6 12.3 
1569774743776 38 0 1 -0.08 0 0 0 0 25.2 787.6 32.6 12.3 
1569774743879 38 0 2 -0.04 0 0 0 0 25.2 787.6 32.6 12.3 
1569774743983 39 0 3 -0.08 0 0 0 0 25.2 787.6 32.6 12.3 
1569774744085 39 0 2 -0.04 0 0 0 0 25.2 787.6 32.6 12.3 
1569774744190 40 0 1 -0.08 0 0 0 0 25.2 787.6 32.6 12.3 
1569774744293 41 0 1 -0.04 0 0 0 0 25.2 787.6 32.6 12.3 
1569774744396 41 0 0 -0.08 0 0 0 0 25.2 787.6 32.6 12.3 
1569774744499 40 0 0 -0.04 0 0 0 0 25.2 787.6 32.6 12.3 
1569774744602 40 0 0 -0.08 0 0 0 0 25.2 787.6 32.6 12.3 
1569774744704 39 0 0 -0.04 0 0 0 0 25.2 787.6 32.6 12.3 
1569774744807 39 0 -1 -0.08 0 0 0 0 25.2 787.6 32.6 12.3 
1569774744910 38 0 -3 -0.04 0 0 0 0 25.2 787.6 32.6 12.3 
1569774745013 38 0 -5 -0.08 0 0 0 0 25.2 787.6 32.6 12.3 
1569774745115 38 0 -5 -0.04 0 0 0 0 25.2 787.6 32.6 12.3 
1569774745219 37 0 -4 -0.08 0 0 0 0 25.2 787.6 32.6 12.3 
1569774745322 37 0 -2 -0.04 0 0 0 0 25.2 787.6 32.0 12.3 
1569774745426 37 1 -1 -0.08 0 0 0 0 25.2 787.6 32.0 12.3 
1569774745529 38 1 0 -0.04 0 0 0 0 25.2 787.6 32.0 12.3 
1569774745632 39 1 0 -0.08 0 0 0 0 25.2 787.6 32.0 12.3 
