1564032237920 169 6 22 0.01 0 0 0 26.5 42.2 12.6 
1564032238026 170 6 27 0.02 0 0 0 26.5 42.2 12.6 
1564032238132 172 6 27 0.02 0 0 0 26.5 42.2 12.6 
1564032238237 174 6 27 0.02 0 0 0 26.5 42.2 12.6 
1564032238342 174 6 27 0.02 0 0 0 26.5 42.2 12.6 
1564032238453 175 6 27 0.02 0 0 0 26.5 42.2 12.6 
1564032238557 175 6 27 0.02 0 0 0 26.5 42.2 12.6 
1564032238663 178 6 27 0.01 0 0 0 26.5 42.2 12.6 
1564032238768 178 6 27 0.01 0 0 0 26.5 42.2 12.6 
1564032238873 176 6 27 0.00 0 0 0 26.5 42.2 12.6 
1564032238978 173 6 27 0.00 0 0 0 26.5 42.2 12.6 
1564032239083 171 6 22 0.00 0 0 0 26.5 42.2 12.6 
1564032239188 170 6 20 0.00 0 0 0 26.5 42.2 12.6 
1564032239293 169 12 22 0.00 0 0 0 26.5 42.2 12.6 
1564032239399 171 12 22 0.00 0 0 0 26.5 42.2 12.6 
1564032239504 176 6 27 0.00 0 0 0 26.5 42.2 12.6 
1564032239610 178 6 27 0.00 0 0 0 26.5 42.2 12.6 
1564032239714 180 6 31 0.01 0 0 0 26.5 42.2 12.6 
1564032239820 180 6 27 0.01 0 0 0 26.5 42.2 12.6 
1564032239926 179 6 27 0.01 0 0 0 26.5 42.2 12.6 
1564032240032 178 6 27 0.01 0 0 0 26.5 42.2 12.6 
1564032240138 177 6 27 0.01 0 0 0 26.5 42.2 12.6 
1564032240243 177 6 27 0.01 0 0 0 26.5 42.2 12.6 
1564032240347 176 6 27 0.01 0 0 0 26.5 42.2 12.6 
1564032240453 175 6 22 0.01 0 0 0 26.5 42.2 12.6 
1564032240559 175 6 22 0.00 0 0 0 26.5 42.2 12.6 
1564032240665 174 6 22 0.00 0 0 0 26.5 42.2 12.6 
1564032240770 176 6 22 0.00 0 0 0 26.5 42.2 12.6 
1564032240876 180 6 27 0.00 0 0 0 26.5 42.2 12.6 
1564032240981 181 6 27 0.00 0 0 0 26.5 42.2 12.6 
1564032241102 183 6 27 0.00 0 0 0 26.5 42.2 12.6 
1564032241208 183 6 27 0.01 0 0 0 26.5 42.2 12.6 
1564032241312 182 6 27 0.01 0 0 0 26.5 42.2 12.6 
1564032241419 181 6 27 0.00 0 0 0 26.5 42.2 12.6 
1564032241524 181 6 27 0.00 0 0 0 26.5 42.2 12.6 
1564032241630 180 6 27 0.01 0 0 0 26.5 42.2 12.6 
1564032241735 177 6 22 0.01 0 0 0 26.5 42.2 12.6 
1564032241842 176 6 22 0.01 0 0 0 26.5 42.2 12.6 
1564032241947 175 6 22 0.01 0 0 0 26.5 42.2 12.6 
1564032242051 177 6 22 0.02 0 0 0 26.5 42.2 12.6 
1564032242155 181 6 27 0.02 0 0 0 26.5 42.2 12.6 
1564032242260 186 6 31 0.02 0 0 0 26.5 42.2 12.6 
1564032242365 187 6 31 0.02 0 0 0 26.5 42.2 12.6 
1564032242470 185 6 31 0.02 0 0 0 26.5 42.2 12.6 
1564032242574 183 6 27 0.02 0 0 0 26.5 42.2 12.6 
1564032242678 178 6 22 0.03 0 0 0 26.5 42.2 12.6 
1564032242782 174 6 17 0.03 0 0 0 26.5 42.2 12.6 
1564032242889 175 6 22 0.02 0 0 0 26.5 42.2 12.6 
1564032242994 178 6 22 0.02 0 0 0 26.5 42.2 12.6 
1564032243099 180 6 27 0.02 0 0 0 26.5 42.2 12.6 
1564032243206 183 6 27 0.02 0 0 0 26.5 42.2 12.6 
1564032243310 187 6 31 0.02 0 0 0 26.5 42.2 12.6 
1564032243414 188 6 31 0.02 0 0 0 26.5 42.2 12.6 
1564032243519 187 6 27 0.02 0 0 0 26.5 42.2 12.6 
1564032243623 185 6 27 0.02 0 0 0 26.5 42.2 12.6 
1564032243729 183 6 22 0.01 0 0 0 26.5 42.2 12.6 
1564032243834 181 6 27 0.01 0 0 0 26.5 42.2 12.6 
1564032243940 181 6 27 0.02 0 0 0 26.5 42.2 12.6 
1564032244045 180 6 22 0.02 0 0 0 26.5 42.2 12.6 
1564032244150 180 6 22 0.01 0 0 0 26.5 41.7 12.6 
1564032244256 180 6 22 0.01 0 0 0 26.5 41.7 12.6 
1564032244362 180 6 22 0.01 0 0 0 26.5 41.7 12.6 
1564032244466 180 6 22 0.01 0 0 0 26.5 41.7 12.6 
1564032244572 182 6 27 0.00 0 0 0 26.5 41.7 12.6 
1564032244676 183 6 27 0.00 0 0 0 26.5 41.7 12.6 
1564032244782 186 6 27 0.02 0 0 0 26.5 41.7 12.6 
1564032244887 186 6 27 0.02 0 0 0 26.5 41.7 12.6 
1564032244993 185 6 27 0.01 0 0 0 26.5 41.7 12.6 
1564032245098 185 6 27 0.01 0 -4 -3 26.5 41.7 12.6 
1564032245205 186 6 27 0.02 0 -15 -15 26.5 41.7 12.6 
1564032245310 186 6 27 0.02 0 -18 -26 26.5 41.7 12.6 
1564032245415 187 6 27 0.02 0 -13 -30 26.5 41.7 12.6 
1564032245521 185 6 27 0.02 0 -14 -31 26.5 41.7 12.6 
1564032245628 183 6 27 0.02 0 -16 -33 26.5 41.7 12.6 
1564032245733 180 6 22 0.02 0 -16 -32 26.0 41.7 12.6 
1564032245839 180 6 22 0.00 0 -16 -32 26.0 41.7 12.6 
1564032245944 180 6 22 0.00 0 -17 -34 26.0 41.7 12.6 
1564032246049 181 6 22 0.01 0 -19 -35 26.0 41.7 12.6 
1564032246154 187 6 27 0.01 0 -21 -37 26.5 41.7 12.6 
1564032246261 194 6 27 0.01 0 -23 -38 26.0 41.7 12.6 
1564032246366 197 6 31 0.01 0 -25 -40 26.0 41.7 12.6 
1564032246472 200 0 35 0.00 0 -27 -41 26.5 41.7 12.6 
1564032246576 201 6 31 0.00 0 -27 -41 26.5 41.7 12.6 
1564032246682 194 6 27 0.00 0 -27 -41 26.5 41.7 12.6 
1564032246787 191 6 22 0.00 0 -27 -41 26.5 41.7 12.6 
1564032246894 189 0 22 0.00 0 -28 -42 26.5 41.7 12.6 
1564032246999 188 0 22 0.00 0 -28 -42 25.8 41.7 12.6 
1564032247104 188 0 20 0.00 0 -28 -42 26.5 41.7 12.6 
1564032247209 193 0 20 0.00 0 -28 -42 26.5 42.8 12.6 
1564032247314 197 6 27 0.00 0 -28 -42 26.5 42.8 12.6 
1564032247418 198 0 27 0.00 0 -28 -42 26.5 42.8 12.6 
1564032247525 204 6 27 0.00 0 0 0 26.5 42.8 12.6 
1564032247631 206 6 27 0.00 0 0 0 26.5 42.8 12.6 
1564032247736 213 0 31 0.00 0 0 0 26.5 42.8 12.6 
1564032247840 211 0 27 0.00 0 0 0 26.5 42.8 12.6 
1564032247944 208 0 27 0.00 0 0 0 26.5 42.8 12.6 
1564032248050 202 6 22 0.00 0 0 0 26.0 42.8 12.6 
1564032248155 200 6 22 0.01 0 29 32 26.8 42.8 12.6 
1564032248261 196 6 22 0.01 0 30 39 26.8 42.8 12.6 
1564032248367 195 12 22 0.02 0 22 34 26.8 42.8 12.6 
1564032248472 197 6 22 0.02 0 22 34 26.8 42.8 12.6 
1564032248576 202 6 27 0.01 0 22 34 26.8 42.8 12.6 
1564032248681 203 6 31 0.01 0 22 34 26.8 42.8 12.6 
1564032248785 206 6 31 0.01 0 22 34 26.8 42.8 12.6 
1564032248890 199 6 27 0.01 0 22 34 26.8 42.8 12.6 
1564032248995 197 6 22 0.02 0 22 34 26.8 42.8 12.6 
1564032249101 193 6 22 0.02 0 22 34 26.8 42.8 12.6 
1564032249206 192 6 22 0.02 0 22 34 26.8 42.8 12.6 
1564032249319 196 6 20 0.02 0 0 0 26.8 42.8 12.6 
1564032249424 199 6 25 0.02 0 0 0 26.8 42.8 12.6 
1564032249529 205 6 31 0.02 0 0 0 26.8 42.8 12.6 
1564032249634 206 6 31 0.03 0 0 0 26.8 42.8 12.6 
1564032249739 199 6 27 0.03 0 0 0 26.8 42.8 12.6 
1564032249844 195 6 22 0.03 0 0 0 26.8 42.8 12.6 
1564032249948 188 6 22 0.03 0 0 0 26.8 42.8 12.6 
1564032250054 188 6 22 0.04 0 0 0 26.8 42.8 12.6 
1564032250169 189 6 22 0.04 0 0 0 26.8 42.8 12.6 
1564032250274 191 6 22 0.03 0 0 0 26.8 41.7 12.6 
1564032250378 193 12 27 0.03 0 0 0 26.8 41.7 12.6 
1564032250483 196 12 27 0.01 0 0 0 26.8 41.7 12.6 
1564032250589 198 6 27 0.01 0 0 0 26.8 41.7 12.6 
1564032250696 199 6 31 0.02 0 0 0 26.8 41.7 12.6 
1564032250801 200 6 31 0.02 0 0 0 26.8 41.7 12.6 
1564032250905 199 6 31 0.01 0 0 0 26.8 41.7 12.6 
1564032251010 196 6 27 0.01 0 0 0 26.8 41.7 12.6 
1564032251115 193 6 27 0.01 0 0 0 26.8 41.7 12.6 
1564032251219 190 6 22 0.01 0 0 0 26.8 41.7 12.6 
1564032251325 184 6 22 0.02 0 0 0 26.8 41.7 12.6 
1564032251430 182 6 22 0.02 0 0 0 26.8 41.7 12.6 
1564032251536 180 6 16 0.01 0 0 0 26.8 41.7 12.6 
1564032251640 181 6 16 0.01 0 0 0 26.8 41.7 12.6 
1564032251745 184 6 20 0.00 0 0 0 26.8 41.7 12.6 
1564032251849 193 6 27 0.00 0 0 0 26.8 41.7 12.6 
1564032251954 198 6 31 0.00 0 0 0 26.8 41.7 12.6 
1564032252061 202 6 31 0.00 0 0 0 26.8 41.7 12.6 
1564032252166 199 6 31 0.02 0 0 0 26.8 41.7 12.6 
1564032252271 196 6 27 0.02 0 0 0 26.8 41.7 12.6 
1564032252375 188 6 27 0.02 0 0 0 26.8 41.7 12.6 
1564032252480 184 6 22 0.02 0 0 0 26.8 41.7 12.6 
1564032252584 180 12 17 0.02 0 0 0 26.8 41.7 12.6 
1564032252690 178 12 17 0.02 0 0 0 26.8 41.7 12.6 
1564032252795 179 12 17 0.02 0 0 0 26.8 41.7 12.6 
1564032252900 184 12 22 0.02 0 0 0 26.8 41.7 12.6 
1564032253005 187 6 27 0.01 0 0 0 26.8 41.7 12.6 
1564032253109 193 6 31 0.01 0 0 0 26.8 41.7 12.6 
1564032253214 198 6 31 0.00 0 0 0 26.8 42.2 12.6 
1564032253319 198 6 31 0.00 0 0 0 26.8 42.2 12.6 
1564032253424 198 6 31 0.01 0 0 0 26.8 42.2 12.6 
1564032253530 196 6 27 0.01 0 0 0 26.8 42.2 12.6 
1564032253635 190 6 27 0.01 0 0 0 26.8 42.2 12.6 
1564032253739 184 6 22 0.01 0 0 0 26.8 42.2 12.6 
1564032253845 183 6 20 0.02 0 0 0 26.8 42.2 12.6 
1564032253949 181 6 20 0.02 0 0 0 26.8 42.2 12.6 
1564032254054 182 6 20 0.03 0 0 0 26.8 42.2 12.6 
1564032254160 182 6 20 0.03 0 0 0 26.8 42.2 12.6 
1564032254265 185 6 20 0.02 0 0 0 26.8 42.2 12.6 
1564032254370 188 6 27 0.02 0 0 0 26.8 42.2 12.6 
1564032254474 193 6 27 0.03 0 0 0 26.8 42.2 12.6 
1564032254579 195 6 31 0.03 0 0 0 26.8 42.2 12.6 
1564032254683 193 6 27 0.02 0 0 0 26.8 42.2 12.6 
1564032254789 189 6 27 0.02 0 0 0 26.8 42.2 12.6 
1564032254894 187 12 22 0.02 0 0 0 26.8 42.2 12.6 
1564032254999 183 12 22 0.02 0 0 0 26.8 42.2 12.6 
1564032255104 183 12 22 0.02 0 0 0 26.8 42.2 12.6 
1564032255208 184 12 22 0.02 0 0 0 26.8 42.2 12.6 
1564032255312 185 12 22 0.01 0 0 0 26.8 42.2 12.6 
1564032255416 186 12 22 0.01 0 0 0 26.8 42.2 12.6 
1564032255522 186 12 27 0.01 0 0 0 26.8 42.2 12.6 
1564032255627 187 6 27 0.01 0 0 0 26.8 42.2 12.6 
1564032255733 189 6 27 0.02 0 0 0 26.8 42.2 12.6 
1564032255838 192 6 27 0.02 0 0 0 26.8 42.2 12.6 
1564032255943 192 6 27 0.02 0 0 0 26.8 42.2 12.6 
1564032256048 191 6 27 0.02 0 0 0 26.8 42.2 12.6 
1564032256152 189 6 27 0.02 0 0 0 26.8 42.2 12.6 
1564032256257 185 6 22 0.02 0 0 0 26.8 41.2 12.6 
1564032256363 181 6 20 0.03 0 0 0 26.8 41.2 12.6 
1564032256468 180 6 20 0.03 0 0 0 26.8 41.2 12.6 
1564032256573 181 6 20 0.03 0 0 0 26.8 41.2 12.6 
1564032256678 184 6 25 0.03 0 0 0 26.8 41.2 12.6 
1564032256782 191 6 27 0.03 0 0 0 26.8 41.2 12.6 
1564032256888 194 6 31 0.03 0 0 0 26.8 41.2 12.6 
1564032256993 194 6 31 0.04 0 0 0 26.8 41.2 12.6 
1564032257098 190 6 27 0.04 0 0 0 26.8 41.2 12.6 
1564032257203 188 6 27 0.04 0 0 0 26.8 41.2 12.6 
1564032257307 183 12 22 0.04 0 0 0 26.8 41.2 12.6 
1564032257412 180 12 22 0.04 0 0 0 26.8 41.2 12.6 
1564032257517 180 12 17 0.04 0 0 0 26.8 41.2 12.6 
1564032257622 180 12 22 0.03 0 0 0 26.8 41.2 12.6 
1564032257727 182 12 22 0.03 0 0 0 26.8 41.2 12.6 
1564032257832 186 12 27 0.02 0 0 0 26.8 41.2 12.6 
1564032257937 189 12 27 0.02 0 0 0 26.8 41.2 12.6 
1564032258041 192 6 31 0.01 0 0 0 26.8 41.2 12.6 
1564032258146 195 6 31 0.01 0 0 0 26.8 41.2 12.6 
1564032258251 195 6 31 0.02 0 0 0 26.8 41.2 12.6 
1564032258357 193 6 27 0.02 0 0 0 26.8 41.2 12.6 
1564032258462 192 6 27 0.02 0 0 0 26.8 41.2 12.6 
1564032258567 188 0 27 0.02 0 0 0 26.8 41.2 12.6 
1564032258671 182 0 20 0.02 0 0 0 26.8 41.2 12.6 
1564032258776 180 6 20 0.02 0 0 0 26.8 41.2 12.6 
1564032258881 179 6 20 0.02 0 0 0 26.8 41.2 12.6 
1564032258987 180 6 25 0.02 0 21 14 26.8 41.2 12.6 
1564032259094 183 6 27 0.02 0 59 59 26.8 41.2 12.6 
1564032259201 184 6 27 0.02 0 75 75 26.8 41.2 12.5 
1564032259307 183 12 22 0.03 0 80 80 26.8 42.2 12.5 
1564032259413 182 12 27 0.03 0 78 79 26.8 42.2 12.3 
1564032259519 180 12 22 0.02 0 79 80 26.8 42.2 12.3 
1564032259625 180 12 22 0.02 0 79 80 26.8 42.2 12.3 
1564032259731 178 12 22 0.01 0 79 80 26.8 42.2 12.3 
1564032259836 178 12 27 0.01 0 79 80 26.8 42.2 12.3 
1564032259940 176 17 22 0.00 0 79 80 26.8 42.2 12.3 
1564032260046 173 12 22 0.00 0 79 80 26.8 42.2 12.3 
1564032260150 172 12 22 0.00 0 79 80 26.8 42.2 12.3 
1564032260256 166 12 22 0.00 0 79 80 26.8 42.2 12.3 
1564032260361 168 6 20 0.00 0 79 80 26.8 42.2 12.3 
1564032260467 167 12 17 0.00 0 79 80 26.8 42.2 12.3 
1564032260572 167 12 22 0.00 0 79 80 26.8 42.2 12.3 
1564032260676 168 6 20 0.00 0 79 80 26.8 42.2 12.3 
1564032260781 166 6 27 0.00 0 79 80 26.8 42.2 12.3 
1564032260886 166 11 25 0.00 0 79 80 26.8 42.2 12.2 
1564032260993 165 0 27 0.00 0 79 80 26.8 42.2 12.2 
1564032261098 163 6 25 0.00 0 79 80 26.8 42.2 12.2 
1564032261203 163 6 27 0.01 0 79 80 26.8 42.2 12.2 
1564032261307 159 6 25 0.01 0 79 80 26.8 42.2 12.2 
1564032261412 159 6 25 0.02 0 79 80 26.8 42.2 12.2 
1564032261516 156 6 25 0.02 0 79 80 26.8 42.2 12.2 
1564032261620 154 6 27 0.03 0 79 80 26.8 42.2 12.2 
1564032261726 147 6 22 0.03 0 79 80 26.8 42.2 12.2 
1564032261832 147 7 24 0.03 0 0 0 26.8 42.2 12.2 
1564032261937 152 12 22 0.03 0 0 0 26.8 42.2 12.4 
1564032262041 138 6 17 0.03 0 0 0 26.8 42.2 12.4 
1564032262147 140 6 22 0.03 0 0 0 26.8 42.2 12.5 
1564032262255 142 7 30 0.02 0 0 0 26.8 42.2 12.5 
1564032262361 143 7 30 0.02 0 0 0 26.8 42.2 12.5 
1564032262466 144 7 34 0.01 0 0 0 26.8 42.2 12.5 
1564032262571 142 6 27 0.01 0 0 0 26.8 42.2 12.5 
1564032262677 139 6 27 0.01 0 0 0 26.8 42.2 12.5 
1564032262782 136 6 27 0.01 0 0 0 26.8 42.2 12.5 
1564032262887 131 6 20 0.00 0 0 0 26.8 42.2 12.5 
1564032262992 128 6 20 0.00 0 0 0 26.8 42.2 12.5 
1564032263098 128 6 20 0.00 0 0 0 26.8 42.2 12.5 
1564032263204 129 0 22 0.00 0 0 0 26.8 42.2 12.5 
1564032263308 130 0 27 0.00 0 0 0 26.8 42.2 12.5 
1564032263413 132 0 27 0.00 0 0 0 26.8 42.2 12.5 
1564032263518 132 0 31 0.00 0 0 0 26.8 42.2 12.5 
1564032263625 132 0 27 0.00 0 0 0 26.8 42.2 12.5 
1564032263730 129 6 27 0.02 0 0 0 26.8 42.2 12.5 
1564032263835 128 6 20 0.02 0 0 0 26.8 42.2 12.5 
1564032263939 127 6 20 0.02 0 0 0 26.8 42.2 12.5 
1564032264044 128 6 20 0.02 0 0 0 26.8 42.2 12.6 
1564032264150 129 6 22 0.02 0 25 10 26.8 42.2 12.6 
1564032264257 133 6 22 0.02 0 53 51 26.8 42.2 12.5 
1564032264366 136 7 30 0.02 0 75 75 26.8 42.2 12.5 
1564032264472 144 13 34 0.02 0 75 75 26.8 42.2 12.3 
1564032264577 155 13 38 0.00 0 75 75 26.8 42.2 12.3 
1564032264684 152 13 34 0.00 0 79 79 26.8 42.2 12.3 
1564032264789 147 12 27 0.00 0 79 79 26.8 42.2 12.3 
1564032264895 144 12 17 0.00 0 79 79 26.8 42.2 12.3 
1564032265000 139 12 17 0.01 0 79 79 26.8 42.2 12.3 
1564032265105 134 11 16 0.01 0 79 79 26.8 42.2 12.3 
1564032265209 134 11 11 0.00 0 79 79 26.8 42.2 12.3 
1564032265316 131 6 16 0.00 0 0 0 26.8 41.2 12.3 
1564032265421 132 6 17 0.00 0 0 0 26.8 41.2 12.3 
1564032265527 114 0 17 0.00 0 0 0 26.8 41.2 12.5 
1564032265634 114 0 27 0.02 0 -11 -13 26.8 41.2 12.5 
1564032265739 116 0 31 0.02 0 -55 66 26.8 41.2 12.5 
1564032265845 117 0 31 0.02 0 -84 99 26.8 41.2 12.5 
1564032265950 122 7 34 0.02 0 -86 99 26.8 41.2 12.2 
1564032266056 140 6 31 0.02 0 -87 99 26.8 41.2 12.2 
1564032266161 133 0 31 0.02 0 -87 99 26.8 41.2 12.2 
1564032266271 137 6 27 0.03 0 -87 99 26.8 41.2 12.2 
1564032266376 140 -75 -38 0.03 0 -85 99 26.8 41.2 12.2 
1564032266481 136 7 24 0.04 0 -85 99 26.8 41.2 12.2 
1564032266586 136 6 17 0.04 0 -85 99 26.8 41.2 12.1 
1564032266691 135 6 12 0.05 0 -86 99 26.8 41.2 12.1 
1564032266796 134 6 17 0.05 0 -86 99 26.8 41.2 12.1 
1564032266902 139 13 30 0.05 0 -86 99 26.8 41.2 12.1 
1564032267006 141 12 27 0.05 0 -86 99 26.8 41.2 12.1 
1564032267110 145 13 34 0.04 0 -86 99 26.8 41.2 12.1 
1564032267215 145 7 34 0.04 0 -87 99 26.8 41.2 12.1 
1564032267320 142 12 31 0.04 0 -87 99 26.8 41.2 12.1 
1564032267426 146 12 31 0.04 0 -87 99 26.8 41.2 12.1 
1564032267532 143 12 27 0.04 0 -88 99 26.8 41.2 12.1 
1564032267637 142 12 27 0.04 0 -95 100 26.8 41.2 12.1 
1564032267742 140 6 20 0.05 0 -100 95 26.8 41.2 12.1 
1564032267847 141 6 20 0.05 0 -100 92 26.8 41.2 12.1 
1564032267953 139 6 27 0.05 0 -100 92 26.8 41.2 12.1 
1564032268059 140 6 27 0.05 0 -100 92 26.8 41.2 12.1 
1564032268164 144 6 27 0.04 0 -100 92 26.8 41.2 12.1 
1564032268269 141 7 30 0.04 0 -100 92 26.8 41.2 12.1 
1564032268375 147 6 25 0.04 0 -100 92 26.8 42.2 12.1 
1564032268480 146 6 27 0.04 0 -100 92 26.8 42.2 12.1 
1564032268586 147 6 33 0.03 0 -100 92 26.8 42.2 12.1 
1564032268691 148 13 34 0.03 0 -100 92 26.8 42.2 12.1 
1564032268796 147 6 27 0.03 0 -100 92 26.8 42.2 12.1 
1564032268901 145 17 22 0.03 0 -100 92 26.8 42.2 12.0 
1564032269005 143 19 24 0.05 0 -100 92 26.8 42.2 12.0 
1564032269111 142 16 16 0.05 0 -100 92 26.8 42.2 12.1 
1564032269217 143 17 22 0.05 0 -100 92 26.8 42.2 12.1 
1564032269323 144 12 22 0.05 0 -100 92 26.8 42.2 12.0 
1564032269429 146 12 22 0.07 0 -100 95 26.8 42.2 12.0 
1564032269535 147 12 31 0.07 0 -95 100 26.8 42.2 12.0 
1564032269641 149 0 31 0.06 0 -53 91 26.8 42.2 12.0 
1564032269748 150 7 30 0.06 0 -23 64 26.8 42.2 12.2 
1564032269855 145 12 31 0.06 0 -9 39 26.8 42.2 12.2 
1564032269963 134 6 27 0.06 0 -12 17 26.8 42.2 12.4 
1564032270068 130 12 27 0.06 0 -12 17 26.8 42.2 12.4 
1564032270172 128 12 27 0.06 0 -12 17 26.8 42.2 12.4 
1564032270276 127 12 22 0.04 0 -12 17 26.8 42.2 12.4 
1564032270382 125 12 22 0.04 0 -12 16 26.8 42.2 12.4 
1564032270489 126 12 22 0.02 0 -11 16 26.8 42.2 12.4 
1564032270595 127 12 22 0.02 0 -11 16 26.8 42.2 12.5 
1564032270704 128 12 27 0.01 0 -11 16 26.8 42.2 12.5 
1564032270809 130 12 27 0.01 0 -11 16 26.8 42.2 12.5 
1564032270916 129 6 27 0.01 0 -7 23 26.8 42.2 12.5 
1564032271022 131 6 31 0.01 0 -7 23 26.8 42.2 12.5 
1564032271127 131 6 31 0.00 0 -7 23 26.8 42.2 12.5 
1564032271233 130 6 31 0.00 0 -7 23 26.8 42.2 12.5 
1564032271338 126 6 27 0.01 0 -7 23 26.8 41.2 12.5 
1564032271443 123 6 22 0.01 0 -7 23 26.8 41.2 12.5 
1564032271549 118 6 20 0.01 0 -7 23 26.8 41.2 12.5 
1564032271655 119 6 16 0.01 0 -7 23 26.8 41.2 12.5 
1564032271761 117 0 20 0.01 0 -7 23 26.8 41.2 12.5 
1564032271867 119 0 22 0.01 0 -7 23 26.8 41.2 12.5 
1564032271971 122 6 22 0.02 0 -7 23 26.8 41.2 12.5 
1564032272077 126 0 27 0.02 0 -7 23 26.8 41.2 12.5 
1564032272183 131 6 31 0.02 0 -7 23 26.8 41.2 12.5 
1564032272288 135 6 31 0.02 0 -7 23 26.8 41.2 12.5 
1564032272393 134 7 34 0.01 0 -7 23 26.8 41.2 12.5 
1564032272499 134 7 34 0.01 0 -7 23 26.8 41.2 12.5 
1564032272604 134 7 34 0.01 0 -7 23 26.8 41.2 12.5 
1564032272709 130 7 30 0.01 0 -7 23 26.8 41.2 12.5 
1564032272814 128 12 22 0.01 0 -7 23 26.8 41.2 12.5 
1564032272919 123 12 17 0.01 0 -7 23 26.8 41.2 12.5 
1564032273024 122 11 11 0.02 0 -7 23 26.8 41.2 12.5 
1564032273130 120 11 11 0.02 0 -7 23 26.8 41.2 12.5 
1564032273235 123 11 16 0.02 0 -7 23 26.8 41.2 12.5 
1564032273339 125 6 22 0.02 0 -7 23 26.8 41.2 12.5 
1564032273445 129 6 27 0.04 0 -7 23 26.8 41.2 12.5 
1564032273551 131 6 31 0.04 0 -7 23 26.8 41.2 12.5 
1564032273656 131 6 27 0.04 0 -7 23 26.8 41.2 12.5 
1564032273762 130 6 27 0.04 0 -7 23 26.8 41.2 12.5 
1564032273869 130 6 25 0.07 0 -7 23 26.8 41.2 12.5 
1564032273974 130 6 27 0.07 0 -7 23 26.8 41.2 12.5 
1564032274078 130 6 27 0.05 0 -7 23 26.8 41.2 12.5 
1564032274184 131 6 27 0.05 0 -7 23 26.8 41.2 12.5 
1564032274289 132 6 27 0.04 0 -7 23 26.8 41.2 12.5 
1564032274396 133 6 27 0.04 0 -7 23 26.8 42.8 12.5 
1564032274501 131 12 27 0.04 0 -7 23 26.8 42.8 12.5 
1564032274605 131 12 22 0.04 0 -7 23 26.8 42.8 12.5 
1564032274711 129 12 22 0.04 0 -7 23 26.8 42.8 12.5 
1564032274816 128 12 22 0.04 0 -7 23 26.8 42.8 12.5 
1564032274922 129 11 20 0.03 0 -7 23 26.8 42.8 12.5 
1564032275029 129 12 17 0.03 0 -7 23 26.8 42.8 12.5 
1564032275134 131 12 22 0.03 0 -7 23 26.3 42.8 12.5 
1564032275238 134 12 27 0.03 0 -7 23 26.3 42.8 12.5 
1564032275344 136 6 27 0.02 0 -7 23 26.3 42.8 12.5 
1564032275449 137 6 31 0.02 0 -7 23 26.3 42.8 12.6 
1564032275555 136 6 27 0.03 0 -7 23 26.3 42.8 12.6 
1564032275662 134 6 27 0.03 0 -7 23 26.3 42.8 12.6 
1564032275768 130 6 25 0.04 0 -10 -33 26.3 42.8 12.6 
1564032275874 128 6 20 0.04 0 3 -37 26.3 42.8 12.5 
1564032275979 128 6 20 0.04 0 3 -37 26.3 42.8 12.5 
1564032276087 130 6 22 0.04 0 -70 -69 26.3 42.8 12.5 
1564032276193 134 6 22 0.04 0 -57 -53 26.3 42.8 12.5 
1564032276298 144 6 27 0.04 0 -57 -53 26.3 42.8 12.4 
1564032276403 149 13 30 0.02 0 -76 -75 26.3 42.8 12.4 
1564032276509 144 7 34 0.02 0 -72 -73 26.8 42.8 12.3 
1564032276615 156 7 38 0.01 0 -47 -54 26.8 42.8 12.3 
1564032276721 155 7 34 0.01 0 -40 -49 26.8 42.8 12.4 
1564032276828 149 6 27 0.00 0 -39 -48 26.8 42.8 12.4 
1564032276935 145 6 27 0.00 0 0 0 26.8 42.8 12.5 
1564032277040 136 6 22 0.00 0 0 0 26.8 42.8 12.5 
1564032277145 133 0 20 0.00 0 0 0 26.8 42.8 12.5 
1564032277250 131 0 20 0.00 0 0 0 26.8 42.8 12.5 
1564032277370 131 0 20 0.00 0 0 0 26.8 42.8 12.5 
1564032277474 132 0 20 0.00 0 0 0 26.8 42.2 12.5 
1564032277581 135 0 27 0.00 0 -4 4 26.8 42.2 12.5 
1564032277686 136 0 25 0.00 0 -5 5 26.8 42.2 12.5 
1564032277794 140 0 25 0.00 0 -9 9 26.8 42.2 12.6 
1564032277899 139 0 25 0.02 0 -8 8 26.8 42.2 12.6 
1564032278004 140 0 25 0.02 0 0 0 26.8 42.2 12.6 
1564032278109 140 6 27 0.02 0 0 0 26.8 42.2 12.6 
1564032278214 141 6 27 0.02 0 0 0 26.8 42.2 12.6 
1564032278319 143 6 27 0.03 0 0 0 26.8 42.2 12.6 
1564032278425 145 6 27 0.03 0 0 0 26.8 42.2 12.6 
1564032278531 144 6 27 0.02 0 0 0 26.8 42.2 12.6 
1564032278635 143 12 27 0.02 0 0 0 26.8 42.2 12.6 
1564032278741 142 12 22 0.03 0 0 0 26.8 42.2 12.6 
1564032278846 140 12 22 0.03 0 0 0 26.8 42.2 12.6 
1564032278952 140 12 22 0.05 0 0 0 26.8 42.2 12.6 
1564032279058 140 12 22 0.05 0 0 0 26.8 42.2 12.6 
1564032279164 142 12 22 0.04 0 0 0 26.8 42.2 12.6 
1564032279268 142 12 27 0.04 0 0 0 26.8 42.2 12.6 
1564032279373 144 6 27 0.05 0 0 0 26.8 42.2 12.6 
1564032279478 145 6 27 0.05 0 0 0 26.8 42.2 12.6 
1564032279583 144 6 27 0.05 0 0 0 26.8 42.2 12.6 
1564032279688 142 6 27 0.05 0 0 0 26.8 42.2 12.6 
1564032279795 142 6 27 0.05 0 0 0 26.8 42.2 12.6 
1564032279900 140 6 27 0.05 0 0 0 26.8 42.2 12.6 
1564032280004 140 6 27 0.07 0 0 0 26.8 42.2 12.6 
1564032280108 139 6 25 0.07 0 0 0 26.8 42.2 12.6 
1564032280212 137 12 22 0.05 0 0 0 26.8 42.2 12.6 
1564032280319 136 12 22 0.05 0 -27 31 26.8 42.2 12.6 
1564032280427 136 12 17 0.04 0 -79 89 26.8 42.2 12.6 
1564032280534 140 12 17 0.04 0 -85 99 26.8 42.2 12.3 
1564032280638 154 12 22 0.04 0 -88 99 26.8 42.2 12.3 
1564032280744 158 12 31 0.04 0 -90 100 26.8 42.2 12.2 
1564032280849 162 13 34 0.04 0 -90 100 26.8 42.2 12.2 
1564032280956 162 7 38 0.04 0 -92 100 26.8 42.2 12.2 
1564032281063 160 8 37 0.04 0 -91 100 26.3 42.2 12.2 
1564032281168 160 6 25 0.04 0 -91 100 26.3 42.2 12.1 
1564032281273 156 12 27 0.05 0 -91 100 26.3 42.2 12.1 
1564032281377 153 17 17 0.05 0 -91 100 26.3 42.2 12.1 
1564032281483 152 12 22 0.06 0 -91 100 26.3 42.2 12.1 
1564032281589 152 11 16 0.06 0 -91 100 26.3 42.2 12.1 
1564032281694 152 6 22 0.06 0 -91 100 26.3 42.2 12.1 
1564032281800 153 6 20 0.06 0 -91 100 26.3 42.2 12.1 
1564032281906 154 11 20 0.07 0 -91 100 26.3 42.2 12.1 
1564032282011 157 6 22 0.07 0 -91 100 26.3 42.2 12.1 
1564032282115 158 12 31 0.07 0 -91 100 26.3 42.2 12.1 
1564032282221 160 6 31 0.07 0 -91 100 26.8 42.2 12.1 
1564032282327 161 7 34 0.08 0 -91 100 26.8 42.2 12.1 
1564032282434 162 13 34 0.08 0 -91 100 26.8 42.2 12.1 
1564032282539 160 12 31 0.08 0 -90 100 26.8 42.2 12.1 
1564032282644 156 6 31 0.08 0 -87 99 26.8 42.2 12.1 
1564032282748 156 12 22 0.07 0 -87 99 26.8 42.2 12.1 
1564032282855 151 17 17 0.07 0 -86 99 26.8 42.2 12.1 
1564032282960 151 22 17 0.10 0 -86 99 26.8 42.2 12.1 
1564032283065 146 12 17 0.10 0 -86 99 26.8 42.2 12.1 
1564032283170 151 22 12 0.12 0 -84 99 26.8 42.2 12.1 
1564032283275 150 17 17 0.12 0 -84 99 26.8 42.2 12.1 
1564032283381 152 19 24 0.12 0 -82 99 26.8 42.2 12.1 
1564032283488 160 19 30 0.12 0 -53 91 26.8 42.2 12.1 
1564032283595 161 24 38 0.11 0 -13 44 26.8 42.2 12.1 
1564032283701 161 13 34 0.11 0 -9 35 26.8 42.2 12.4 
1564032283807 153 13 34 0.10 0 -9 35 26.8 42.2 12.4 
1564032283912 150 17 27 0.10 0 -9 35 26.8 42.2 12.4 
1564032284018 147 19 24 0.07 0 -9 35 26.8 42.2 12.4 
1564032284123 146 13 24 0.07 0 -9 35 26.8 42.2 12.4 
1564032284228 143 12 22 0.05 0 -9 35 26.8 42.2 12.4 
1564032284333 140 12 22 0.05 0 -7 35 26.8 42.2 12.5 
1564032284438 139 12 22 0.03 0 -5 35 26.8 42.2 12.5 
1564032284544 139 12 17 0.03 0 -5 35 26.8 42.2 12.5 
1564032284650 138 12 17 0.02 0 -69 -67 26.8 42.2 12.5 
1564032284757 138 6 22 0.02 0 -25 -41 26.8 42.2 12.3 
1564032284862 153 6 27 0.02 0 -25 -41 26.8 42.2 12.3 
1564032284967 146 6 31 0.02 0 -25 -41 26.8 42.2 12.4 
1564032285071 146 6 33 0.02 0 -25 -41 26.8 42.2 12.4 
1564032285178 146 0 29 0.02 0 -24 -40 26.8 42.2 12.4 
1564032285283 145 0 31 0.00 0 -24 -40 26.8 42.2 12.4 
1564032285389 140 0 22 0.00 0 -24 -40 26.8 42.2 12.5 
1564032285494 140 0 22 0.00 0 -24 -40 26.8 42.2 12.5 
1564032285599 143 0 22 0.00 0 -23 -40 26.8 42.2 12.5 
1564032285705 141 0 22 0.00 0 -22 -39 26.8 42.2 12.5 
1564032285810 146 0 22 0.00 0 -22 -39 26.8 42.2 12.5 
1564032285916 147 6 22 0.00 0 -36 -47 26.8 42.2 12.5 
1564032286023 146 6 22 0.00 0 -58 -61 26.8 42.2 12.4 
1564032286130 154 6 22 0.00 0 -61 -63 26.8 42.2 12.4 
1564032286234 160 12 22 0.00 0 -61 -63 26.8 42.2 12.4 
1564032286340 159 7 34 0.00 0 -61 -63 26.8 42.2 12.4 
1564032286446 165 0 35 0.00 0 -65 -67 26.8 42.2 12.4 
1564032286554 164 0 38 0.00 0 -70 -71 26.8 42.2 12.4 
1564032286659 168 -5 31 0.00 0 -70 -71 26.8 42.2 12.3 
1564032286764 167 0 27 0.00 0 -70 -71 26.8 42.2 12.3 
1564032286869 165 0 27 0.00 0 -70 -71 26.8 42.2 12.3 
1564032286974 160 0 27 0.00 0 -74 -74 26.8 42.2 12.3 
1564032287080 153 0 20 0.00 0 -78 -78 26.8 42.2 12.3 
1564032287187 158 0 20 0.00 0 -83 -83 26.8 42.2 12.3 
1564032287295 154 0 22 0.00 0 -83 -83 26.8 42.2 12.2 
1564032287399 158 0 20 0.00 0 -83 -83 26.8 42.2 12.2 
1564032287503 166 -5 25 0.00 0 -83 -83 26.8 42.2 12.2 
1564032287608 170 0 27 0.00 0 -83 -83 26.8 42.2 12.2 
1564032287712 172 6 31 0.00 0 -83 -83 26.8 42.2 12.2 
1564032287817 173 0 31 0.00 0 -83 -83 26.8 42.2 12.2 
1564032287922 174 0 31 0.00 0 -83 -83 26.8 42.2 12.2 
1564032288027 175 -5 31 0.00 0 -83 -83 26.8 42.2 12.2 
1564032288132 175 0 27 0.00 0 -83 -83 26.8 42.2 12.2 
1564032288236 175 -5 27 0.00 0 -83 -83 26.8 42.2 12.2 
1564032288341 176 -5 27 0.00 0 -83 -83 26.8 42.2 12.2 
1564032288445 177 -6 30 0.00 0 -83 -83 26.8 42.2 12.2 
1564032288550 177 -5 27 0.00 0 -83 -83 26.8 42.2 12.2 
1564032288655 177 0 22 0.00 0 -83 -83 26.8 42.2 12.2 
1564032288760 178 -5 22 0.00 0 -83 -83 26.8 42.2 12.2 
1564032288865 180 -11 27 0.00 0 -78 -78 26.8 42.2 12.2 
1564032288969 181 -5 31 0.00 0 -78 -78 26.8 42.2 12.2 
1564032289074 182 -5 27 0.00 0 -78 -78 26.8 42.2 12.2 
1564032289180 183 -10 29 0.00 0 -78 -78 26.8 42.2 12.2 
1564032289286 183 -5 27 0.00 0 -78 -78 26.8 42.2 12.2 
1564032289392 182 -5 27 0.00 0 -78 -78 26.8 42.2 12.2 
1564032289497 183 -5 20 0.00 0 -78 -78 26.8 42.2 12.2 
1564032289602 184 -5 27 0.00 0 -78 -78 26.8 42.2 12.2 
1564032289710 183 -5 27 0.00 0 -85 -85 26.8 42.2 12.2 
1564032289814 185 -5 27 0.00 0 -85 -85 26.8 42.2 12.1 
1564032289920 185 0 27 0.00 0 -85 -85 26.8 42.2 12.1 
1564032290026 187 -5 27 0.00 0 -85 -85 26.8 42.2 12.1 
1564032290131 189 -6 30 0.00 0 -85 -85 26.8 42.2 12.1 
1564032290236 193 0 27 0.00 0 -78 -78 26.8 42.2 12.1 
1564032290348 192 0 27 0.00 0 -78 -78 26.8 42.2 12.1 
1564032290453 197 -5 27 0.00 0 -78 -78 26.8 42.2 12.2 
1564032290560 196 -5 27 0.00 0 -83 -83 26.8 42.2 12.2 
1564032290665 194 -5 22 0.00 0 -83 -83 26.8 42.2 12.2 
1564032290769 208 -5 27 0.00 0 -83 -83 26.8 42.2 12.2 
1564032290875 201 0 30 0.00 0 -83 -83 26.8 42.2 12.2 
1564032290979 200 0 22 0.00 0 -83 -83 26.8 42.2 12.2 
1564032291085 203 0 27 0.00 0 -83 -83 26.8 42.2 12.2 
1564032291190 201 -5 25 0.00 0 -83 -83 26.8 42.2 12.2 
1564032291298 203 -11 31 0.00 0 -85 -85 26.8 42.2 12.2 
1564032291403 208 -11 27 0.00 0 -80 -80 26.8 42.2 12.2 
1564032291508 204 -10 25 0.00 0 -80 -80 26.8 42.2 12.1 
1564032291614 207 -11 27 0.00 0 -77 -78 26.8 42.2 12.1 
1564032291720 209 -11 27 0.00 0 -44 -52 26.8 42.2 12.2 
1564032291827 215 0 27 0.00 0 -20 -37 26.8 42.2 12.2 
1564032291933 263 -5 27 0.00 0 62 -90 26.8 42.2 12.4 
1564032292039 268 -5 31 0.00 0 83 -99 26.8 42.2 12.4 
1564032292144 216 0 34 0.00 0 85 -99 26.8 42.2 12.1 
1564032292248 214 0 27 0.00 0 86 -99 26.8 42.2 12.1 
1564032292355 224 0 27 0.00 0 85 -99 26.8 42.2 12.0 
1564032292476 221 -5 31 0.00 0 84 -99 26.8 42.2 12.0 
1564032292581 208 0 27 0.00 0 85 -99 26.8 42.2 12.0 
1564032292687 206 0 27 0.00 0 85 -99 26.8 42.2 12.0 
1564032292792 214 -5 27 0.00 0 85 -99 26.8 42.2 12.0 
1564032292897 226 -5 27 0.00 0 85 -99 26.8 42.2 12.0 
1564032293001 211 -5 20 0.00 0 85 -99 26.8 42.2 12.0 
1564032293106 208 -5 27 0.00 0 85 -99 26.8 42.2 12.0 
1564032293211 211 -5 27 0.00 0 85 -99 26.8 42.2 12.0 
1564032293317 207 -11 22 0.00 0 85 -99 26.8 42.2 12.0 
1564032293422 209 -5 22 0.00 0 85 -99 26.8 42.2 12.0 
1564032293529 216 -5 22 0.00 0 81 -98 26.8 42.2 12.0 
1564032293634 215 -5 25 0.00 0 76 -97 26.8 42.2 12.0 
1564032293739 216 -11 27 0.00 0 74 -97 26.8 42.2 12.0 
1564032293844 214 -10 25 0.00 0 91 -100 26.8 42.2 12.1 
1564032293949 225 -5 25 0.00 0 99 -83 26.8 42.2 12.1 
1564032294055 209 -5 25 0.00 0 98 -79 26.8 42.2 12.0 
1564032294160 217 -5 27 0.00 0 98 -79 26.8 42.2 12.0 
1564032294266 206 -5 27 0.00 0 98 -79 26.8 42.2 12.0 
1564032294370 200 -5 22 0.00 0 98 -79 26.8 42.2 12.0 
1564032294476 200 -5 20 0.00 0 98 -81 26.8 42.2 12.1 
1564032294581 204 -5 20 0.00 0 99 -86 26.8 42.2 12.1 
1564032294688 194 -11 22 0.00 0 100 -90 26.8 42.2 12.0 
1564032294794 196 -5 22 0.00 0 100 -92 26.8 42.2 12.0 
1564032294900 196 -5 22 0.00 0 100 -92 26.8 42.2 12.0 
1564032295005 198 0 27 0.00 0 100 -92 26.8 42.2 12.0 
1564032295111 195 -5 22 0.00 0 100 -92 26.8 42.2 12.0 
1564032295216 196 -5 27 0.00 0 100 -94 26.8 42.2 12.0 
1564032295322 195 -5 27 0.00 0 97 -100 26.8 42.2 11.9 
1564032295429 198 0 30 0.00 0 88 -99 26.8 42.2 11.9 
1564032295536 197 -5 25 0.00 0 80 -98 26.8 42.2 12.0 
1564032295642 204 -10 25 0.00 0 78 -98 26.8 42.2 12.0 
1564032295746 198 -5 25 0.00 0 78 -98 26.8 42.2 12.0 
1564032295852 199 -5 29 0.00 0 78 -98 26.8 42.2 12.0 
1564032295958 195 -5 27 0.00 0 78 -98 26.8 42.2 12.0 
1564032296064 198 -5 27 0.00 0 77 -98 26.8 42.2 12.0 
1564032296170 191 -5 27 0.00 0 75 -97 26.8 42.2 12.0 
1564032296275 189 -5 22 0.00 0 73 -97 26.8 42.2 12.0 
1564032296380 188 -5 16 0.00 0 72 -97 26.8 42.2 12.1 
1564032296487 188 0 27 0.00 0 71 -97 26.8 42.2 12.1 
1564032296594 191 -5 27 0.00 0 69 -96 26.8 42.2 12.1 
1564032296699 196 -5 27 0.00 0 66 -95 26.8 42.2 12.1 
1564032296804 199 -5 27 0.00 0 65 -95 26.8 42.2 12.1 
1564032296910 196 -5 27 0.00 0 64 -95 26.8 42.2 12.1 
1564032297018 201 -5 27 0.00 0 0 0 26.8 42.2 12.1 
1564032297124 204 -5 27 0.00 0 0 0 26.8 42.2 12.1 
1564032297229 234 -11 27 0.00 0 0 0 26.8 42.2 12.4 
1564032297333 232 -10 25 0.00 0 0 0 26.8 42.2 12.4 
1564032297439 233 -11 27 0.00 0 0 0 26.8 42.2 12.4 
1564032297545 229 -11 27 0.00 0 0 0 26.8 42.2 12.4 
1564032297651 221 -5 22 0.00 0 0 0 26.8 42.2 12.4 
1564032297757 215 -5 22 0.00 0 0 0 26.8 42.2 12.4 
1564032297862 208 -5 22 0.00 0 0 0 26.8 42.2 12.5 
1564032297966 207 -5 22 0.00 0 0 0 26.8 42.2 12.5 
1564032298071 203 -5 22 0.00 0 0 0 26.8 42.2 12.5 
1564032298175 204 0 22 0.00 0 0 0 26.8 42.2 12.5 
1564032298281 205 0 22 0.00 0 0 0 26.8 42.2 12.5 
1564032298388 206 0 27 0.00 0 0 0 26.8 42.2 12.5 
1564032298493 209 0 27 0.00 0 0 0 26.8 42.2 12.5 
1564032298598 212 0 31 0.00 0 0 0 26.8 42.2 12.5 
1564032298709 213 0 31 0.00 0 0 0 26.8 42.2 12.5 
1564032298814 213 0 31 0.00 0 0 0 26.8 42.2 12.5 
1564032298919 209 0 27 0.00 0 0 0 26.8 42.2 12.5 
1564032299024 206 0 22 0.00 0 0 0 26.8 42.2 12.5 
1564032299130 201 0 20 0.00 0 0 0 26.8 42.2 12.5 
1564032299234 199 0 22 0.01 0 0 0 26.8 42.2 12.5 
1564032299339 200 0 22 0.01 0 0 0 26.8 42.2 12.5 
1564032299445 202 0 22 0.00 0 0 0 26.8 42.2 12.5 
1564032299551 202 0 22 0.00 0 0 0 26.8 42.2 12.5 
1564032299657 202 0 22 0.00 0 0 0 26.8 42.2 12.5 
1564032299762 204 0 27 0.00 0 0 0 26.8 42.2 12.5 
1564032299866 206 6 27 0.00 0 0 0 26.8 42.2 12.5 
1564032299971 210 6 27 0.00 0 0 0 26.8 42.2 12.5 
1564032300077 210 6 31 0.00 0 0 0 26.8 42.2 12.5 
1564032300183 211 6 27 0.00 0 0 0 26.8 42.2 12.5 
1564032300289 209 6 27 0.00 0 0 0 26.8 42.2 12.5 
1564032300394 207 6 27 0.00 0 0 0 26.8 42.2 12.5 
1564032300500 205 6 22 0.01 0 0 0 26.8 42.2 12.5 
1564032300604 202 6 22 0.01 0 0 0 26.8 42.2 12.5 
1564032300708 202 6 22 0.01 0 0 0 26.8 42.2 12.5 
1564032300814 201 0 22 0.01 0 0 0 26.8 42.2 12.5 
1564032300921 202 0 22 0.01 0 0 0 26.8 42.2 12.5 
1564032301026 207 6 22 0.01 0 0 0 26.8 42.2 12.5 
1564032301131 214 6 27 0.01 0 0 0 26.8 42.2 12.5 
1564032301235 216 6 27 0.01 0 0 0 26.8 42.2 12.5 
1564032301340 216 6 31 0.00 0 0 0 26.8 42.2 12.5 
1564032301445 216 6 27 0.00 0 0 0 26.8 42.2 12.5 
1564032301551 212 6 27 0.01 0 0 0 26.8 41.7 12.5 
1564032301657 207 6 22 0.01 0 0 0 26.8 41.7 12.5 
1564032301763 204 6 22 0.00 0 0 0 26.8 41.7 12.5 
1564032301867 204 6 22 0.00 0 0 0 26.8 41.7 12.5 
1564032301972 204 6 22 0.01 0 0 0 26.8 41.7 12.5 
1564032302078 209 6 27 0.01 0 0 0 26.8 41.7 12.6 
1564032302184 212 6 27 0.02 0 0 0 26.8 41.7 12.6 
1564032302290 214 6 27 0.02 0 0 0 26.8 41.7 12.6 
1564032302395 212 6 27 0.01 0 0 0 26.8 41.7 12.6 
1564032302500 210 6 27 0.01 0 0 0 26.8 41.7 12.6 
1564032302605 207 6 22 0.01 0 0 0 26.8 41.7 12.6 
1564032302711 203 6 22 0.01 0 0 0 26.8 41.7 12.6 
1564032302817 202 6 22 0.01 0 0 0 26.8 41.7 12.6 
1564032302923 205 6 27 0.01 0 0 0 26.8 41.7 12.6 
1564032303028 207 6 27 0.01 0 0 0 26.8 41.7 12.6 
1564032303134 207 6 27 0.01 0 0 0 26.8 41.7 12.6 
1564032303239 205 6 27 0.00 0 0 0 26.8 41.7 12.6 
1564032303344 203 6 27 0.00 0 0 0 26.8 41.7 12.6 
1564032303451 198 6 22 0.02 0 18 -22 26.8 41.7 12.6 
1564032303558 197 6 22 0.02 0 51 -53 26.8 41.7 12.5 
1564032303665 196 6 22 0.02 0 57 -53 26.8 41.7 12.5 
1564032303771 197 12 27 0.02 0 64 -55 26.8 41.7 12.4 
1564032303876 193 13 30 0.00 0 79 -65 26.8 41.7 12.4 
1564032303984 196 6 31 0.00 0 86 -68 26.8 41.7 12.3 
1564032304091 190 6 27 0.00 0 91 -70 26.8 41.7 12.3 
1564032304196 188 6 22 0.00 0 92 -70 26.8 41.7 12.2 
1564032304301 186 6 22 0.00 0 92 -70 26.8 41.7 12.2 
1564032304407 184 6 22 0.00 0 94 -71 26.8 41.7 12.2 
1564032304514 184 6 22 0.00 0 97 -73 26.8 41.7 12.2 
1564032304621 184 0 22 0.00 0 97 -73 26.8 41.7 12.2 
1564032304727 184 0 27 0.00 0 97 -74 26.8 41.7 12.2 
1564032304832 184 0 22 0.00 0 97 -75 26.8 41.7 12.1 
1564032304938 184 0 27 0.00 0 99 -82 26.8 41.7 12.1 
1564032305043 183 -5 27 0.00 0 99 -85 26.8 41.7 12.1 
1564032305148 184 0 25 0.00 0 99 -85 26.8 41.7 12.1 
1564032305254 183 -5 27 0.00 0 99 -87 26.8 41.7 12.1 
1564032305360 182 0 27 0.00 0 99 -89 26.8 41.7 12.1 
1564032305465 180 -5 25 0.00 0 99 -89 26.8 41.7 12.0 
1564032305570 180 -5 22 0.00 0 99 -89 26.8 41.7 12.0 
1564032305674 179 -5 25 0.00 0 99 -89 26.8 41.7 12.0 
1564032305780 178 0 20 0.00 0 99 -86 26.8 41.7 12.0 
1564032305887 177 0 20 0.00 0 98 -80 26.8 41.7 12.0 
1564032305993 176 -5 22 0.00 0 96 -68 26.8 41.7 12.0 
1564032306099 176 -5 22 0.00 0 92 -56 26.8 41.7 12.1 
1564032306206 178 -5 17 0.00 0 82 -35 26.8 41.7 12.1 
1564032306311 178 -5 27 0.00 0 57 -10 26.8 41.7 12.2 
1564032306418 179 -5 27 0.00 0 43 -4 26.8 41.7 12.2 
1564032306527 178 -5 27 0.00 0 40 23 26.8 41.7 12.4 
1564032306632 177 -5 27 0.00 0 93 93 26.8 41.7 12.4 
1564032306738 173 -5 27 0.00 0 41 49 26.8 41.7 12.1 
1564032306844 174 0 25 0.00 0 35 44 26.8 41.7 12.1 
1564032306949 169 -5 22 0.00 0 35 44 26.8 41.7 12.4 
1564032307056 166 0 22 0.00 0 36 45 26.8 41.7 12.4 
1564032307162 167 0 22 0.00 0 36 45 26.8 41.7 12.4 
1564032307266 164 0 22 0.00 0 36 45 26.8 41.7 12.4 
1564032307371 165 0 20 0.00 0 36 45 26.8 41.7 12.4 
1564032307476 165 0 22 0.00 0 36 45 26.8 41.7 12.4 
1564032307585 166 0 22 0.00 0 37 45 26.8 41.7 12.4 
1564032307691 166 0 22 0.00 0 37 45 26.8 42.2 12.4 
1564032307796 167 0 25 0.00 0 37 45 26.8 42.2 12.4 
1564032307900 168 0 27 0.00 0 37 45 26.8 42.2 12.4 
1564032308004 167 0 25 0.00 0 37 45 26.8 42.2 12.4 
1564032308110 169 0 27 0.00 0 37 45 26.8 42.2 12.4 
1564032308215 164 0 27 0.00 0 37 45 26.8 42.2 12.4 
1564032308322 165 6 27 0.00 0 32 42 26.8 42.2 12.4 
1564032308429 164 0 27 0.00 0 17 31 26.8 42.2 12.4 
1564032308536 161 6 22 0.00 0 0 19 26.8 42.2 12.4 
1564032308641 160 6 27 0.00 0 -3 17 26.8 42.2 12.5 
1564032308749 160 6 27 0.01 0 -12 11 26.8 42.2 12.5 
1564032308856 161 6 27 0.01 0 -18 8 26.8 42.2 12.5 
1564032308962 162 6 27 0.01 0 -20 7 26.8 42.2 12.5 
1564032309066 163 6 27 0.01 0 -20 7 26.8 42.2 12.5 
1564032309172 164 6 27 0.00 0 -20 7 26.8 42.2 12.5 
1564032309278 166 6 27 0.00 0 -20 7 26.8 42.2 12.5 
1564032309384 167 6 27 0.00 0 -25 4 26.8 42.2 12.5 
1564032309492 166 0 27 0.00 0 -29 1 26.5 42.2 12.5 
1564032309598 164 0 27 0.00 0 -29 1 26.5 42.2 12.5 
1564032309703 163 0 22 0.00 0 -29 1 26.5 42.2 12.5 
1564032309808 160 0 22 0.00 0 -30 1 26.5 42.2 12.5 
1564032309913 160 0 22 0.00 0 -32 2 26.5 42.2 12.5 
1564032310019 161 0 22 0.00 0 -32 2 26.5 42.2 12.5 
1564032310124 164 0 27 0.00 0 -31 2 26.5 42.2 12.5 
1564032310230 167 0 27 0.00 0 -29 1 26.5 42.2 12.5 
1564032310336 169 0 31 0.00 0 -5 16 26.5 42.2 12.5 
1564032310442 168 0 27 0.00 0 28 38 26.5 42.2 12.5 
1564032310549 166 0 27 0.00 0 57 61 26.5 42.2 12.5 
1564032310655 163 0 20 0.00 0 87 88 26.5 42.2 12.5 
1564032310761 167 0 20 0.00 0 78 76 26.5 42.2 12.2 
1564032310866 167 6 22 0.00 0 73 71 26.5 42.2 12.2 
1564032310972 161 0 20 0.00 0 70 67 26.5 42.2 12.3 
1564032311077 161 0 20 0.00 0 70 67 26.5 42.2 12.3 
1564032311182 155 0 17 0.00 0 70 67 26.5 42.2 12.3 
1564032311288 159 0 22 0.00 0 70 67 26.5 42.2 12.3 
1564032311394 160 0 22 0.00 0 70 67 26.5 42.2 12.3 
1564032311498 151 0 25 0.00 0 70 67 26.5 42.2 12.3 
1564032311602 157 0 20 0.00 0 70 67 26.5 42.2 12.3 
1564032311707 156 0 20 0.00 0 70 67 26.5 42.2 12.3 
1564032311813 156 0 20 0.00 0 70 67 26.5 42.2 12.3 
1564032311920 156 0 22 0.00 0 70 67 26.5 42.2 12.3 
1564032312026 153 6 27 0.00 0 70 67 26.5 42.2 12.3 
1564032312131 153 6 27 0.00 0 70 67 26.5 42.2 12.3 
1564032312236 156 6 27 0.00 0 70 67 26.5 42.2 12.3 
1564032312342 154 12 27 0.02 0 70 67 26.5 42.2 12.3 
1564032312450 151 6 27 0.02 0 70 67 26.5 42.2 12.3 
1564032312555 142 6 25 0.03 0 70 67 26.5 42.2 12.3 
1564032312660 144 6 22 0.03 0 70 67 26.5 42.2 12.3 
1564032312764 137 6 20 0.01 0 70 67 26.5 42.2 12.3 
1564032312869 145 12 22 0.01 0 70 67 26.5 42.2 12.3 
1564032312975 144 12 22 0.01 0 70 67 26.5 42.2 12.3 
1564032313080 139 12 22 0.01 0 70 67 26.5 42.2 12.3 
1564032313186 140 6 22 0.01 0 70 67 26.5 42.2 12.3 
1564032313292 140 6 22 0.01 0 70 67 26.5 42.2 12.3 
1564032313397 137 12 27 0.01 0 70 67 26.5 42.2 12.3 
1564032313502 136 6 22 0.01 0 70 67 26.5 42.2 12.3 
1564032313624 136 11 20 0.02 0 70 67 26.5 42.2 12.3 
1564032313729 134 6 27 0.02 0 70 67 26.5 42.2 12.3 
1564032313835 126 6 22 0.01 0 70 67 26.5 42.2 12.3 
1564032313940 133 6 20 0.01 0 70 67 26.5 42.2 12.3 
1564032314045 135 6 20 0.01 0 70 67 26.5 42.2 12.3 
1564032314151 134 6 22 0.01 0 67 63 26.5 42.2 12.3 
1564032314258 133 6 27 0.00 0 68 64 26.5 42.2 12.3 
1564032314363 121 6 27 0.00 0 68 64 26.5 42.2 12.3 
1564032314469 129 6 27 0.01 0 68 64 26.5 42.2 12.3 
1564032314574 131 6 22 0.01 0 68 64 26.5 42.2 12.3 
1564032314680 118 0 27 0.02 0 68 64 26.5 42.2 12.3 
1564032314786 124 6 22 0.02 0 62 57 26.5 42.2 12.3 
1564032314891 121 6 22 0.02 0 62 57 26.5 42.2 12.3 
1564032314998 116 6 17 0.02 0 47 35 26.5 42.2 12.3 
1564032315105 107 6 16 0.02 0 44 30 26.5 42.2 12.3 
1564032315211 109 6 16 0.02 0 43 28 26.5 42.2 12.4 
1564032315318 103 6 22 0.01 0 37 -3 26.5 42.2 12.4 
1564032315426 108 6 22 0.01 0 91 -84 26.5 42.2 12.4 
1564032315532 100 6 27 0.00 0 75 -97 26.5 42.2 12.4 
1564032315639 129 7 30 0.00 0 74 -97 26.5 42.2 12.1 
1564032315744 124 6 31 0.00 0 81 -98 26.5 42.2 12.1 
1564032315851 131 6 27 0.00 0 84 -99 26.5 42.2 12.1 
1564032315957 134 6 27 0.00 0 89 -99 26.5 42.2 12.1 
1564032316064 131 -5 27 0.00 0 95 -100 26.5 42.2 12.0 
1564032316169 126 0 25 0.00 0 96 -100 26.5 42.2 12.0 
1564032316274 125 0 25 0.00 0 97 -100 26.5 42.2 12.0 
1564032316380 125 -5 20 0.00 0 97 -100 26.5 42.2 12.0 
1564032316487 122 -5 22 0.00 0 98 -100 26.5 42.2 12.0 
1564032316593 122 -5 27 0.00 0 100 -100 26.5 42.2 12.0 
1564032316698 121 -5 20 0.00 0 100 -99 26.5 42.2 11.9 
1564032316802 123 -16 27 0.00 0 100 -99 26.5 42.2 11.9 
1564032316907 120 -5 20 0.00 0 100 -99 26.0 42.2 11.9 
1564032317013 120 -5 20 0.00 0 100 -99 26.5 42.2 11.9 
1564032317119 121 -10 20 0.00 0 100 -99 26.5 42.2 11.9 
1564032317226 122 0 20 0.00 0 100 -99 26.5 42.2 11.9 
1564032317330 121 -5 27 0.00 0 100 -99 26.5 42.2 11.9 
1564032317435 121 -5 27 0.00 0 100 -99 26.5 42.2 11.9 
1564032317541 117 -5 25 0.00 0 100 -99 26.5 42.2 11.9 
1564032317647 121 -10 20 0.00 0 100 -99 26.5 42.2 11.9 
1564032317753 112 0 16 0.00 0 100 -99 26.5 42.2 11.9 
1564032317859 118 0 22 0.00 0 100 -99 26.5 42.2 11.9 
1564032317964 114 -5 20 0.00 0 100 -100 26.5 42.2 11.9 
1564032318069 115 -5 20 0.00 0 88 -99 26.5 42.2 11.9 
1564032318175 116 -10 25 0.00 0 47 -88 26.5 42.2 12.0 
1564032318282 109 -11 31 0.00 0 41 -85 26.5 42.2 12.0 
1564032318388 91 -11 27 0.00 0 41 -85 26.5 42.2 12.2 
1564032318494 90 -11 27 0.00 0 41 -85 26.5 42.2 12.2 
1564032318599 92 -5 20 0.00 0 44 -87 26.5 42.2 12.2 
1564032318704 89 -11 22 0.00 0 44 -87 26.5 42.2 12.2 
1564032318809 92 -10 20 0.00 0 44 -87 26.5 42.2 12.2 
1564032318916 91 -5 20 0.00 0 46 -88 26.5 42.2 12.2 
1564032319023 94 -11 22 0.00 0 56 -92 26.5 42.2 12.2 
1564032319128 88 -5 20 0.00 0 60 -94 26.5 42.2 12.2 
1564032319232 102 -5 22 0.00 0 60 -93 26.5 42.2 12.1 
1564032319338 97 -5 22 0.00 0 63 -94 26.5 42.2 12.1 
1564032319444 89 -5 22 0.00 0 0 0 26.5 42.2 12.1 
1564032319550 104 -5 22 0.00 0 0 0 26.5 42.2 12.1 
1564032319667 74 -11 27 0.00 0 0 0 26.5 42.2 12.4 
1564032319771 74 -11 27 0.00 0 0 0 26.5 42.2 12.4 
1564032319878 73 -11 27 0.00 0 0 0 26.5 42.2 12.4 
1564032319984 75 -11 27 0.00 0 0 0 26.5 42.2 12.4 
1564032320089 76 -11 27 0.00 0 0 0 26.5 42.2 12.5 
1564032320194 78 -5 27 0.00 0 0 0 26.5 42.2 12.5 
1564032320299 81 -5 27 0.00 0 0 0 26.5 42.2 12.5 
1564032320403 81 -5 27 0.00 0 0 0 26.5 42.2 12.5 
1564032320509 83 -5 27 0.00 0 0 0 26.5 42.2 12.5 
1564032320615 84 -5 22 0.00 0 0 0 26.5 42.2 12.5 
1564032320720 86 -5 22 0.00 0 0 0 26.5 42.2 12.5 
1564032320825 87 0 22 0.00 0 0 0 26.5 42.2 12.5 
1564032320929 87 0 22 0.00 0 0 0 26.5 42.2 12.5 
1564032321035 88 0 22 0.00 0 0 0 26.5 42.2 12.5 
1564032321140 88 0 27 0.00 0 0 0 26.5 42.2 12.5 
1564032321246 89 0 22 0.00 0 0 0 26.5 42.2 12.5 
1564032321352 90 0 22 0.00 0 0 0 26.5 42.2 12.5 
1564032321457 91 0 27 0.00 0 0 0 26.5 42.2 12.5 
1564032321561 93 0 27 0.00 0 0 0 26.5 42.2 12.5 
1564032321667 94 0 27 0.00 0 0 0 26.5 42.2 12.5 
1564032321772 96 0 27 0.00 0 0 0 26.5 42.2 12.5 
1564032321878 97 0 22 0.00 0 0 0 26.5 42.2 12.5 
1564032321984 98 0 22 0.00 0 0 0 26.5 42.2 12.5 
1564032322090 98 0 20 0.00 0 0 0 26.5 42.2 12.5 
1564032322195 99 6 22 0.00 0 0 0 26.5 42.2 12.5 
1564032322300 101 6 22 0.00 0 0 0 26.5 42.2 12.5 
1564032322405 104 6 27 0.00 0 0 0 26.5 42.2 12.5 
1564032322509 104 0 27 0.00 0 0 0 26.5 42.2 12.5 
1564032322615 106 6 27 0.00 0 0 0 26.5 42.2 12.5 
1564032322721 105 6 27 0.00 0 0 0 26.5 41.7 12.5 
1564032322826 106 6 27 0.00 0 0 0 26.5 41.7 12.5 
1564032322931 106 0 27 0.00 0 0 0 26.5 41.7 12.5 
1564032323036 108 0 27 0.00 0 0 0 26.5 41.7 12.5 
1564032323141 107 0 27 0.00 0 0 0 26.5 41.7 12.5 
1564032323248 109 0 27 0.00 0 0 0 26.5 41.7 12.5 
1564032323353 108 6 22 0.01 0 0 0 26.5 41.7 12.5 
1564032323458 109 6 20 0.01 0 0 0 26.5 41.7 12.5 
1564032323562 109 6 20 0.00 0 0 0 26.5 41.7 12.5 
1564032323668 110 6 22 0.00 0 0 0 26.5 41.7 12.5 
1564032323772 113 6 27 0.01 0 0 0 26.5 41.7 12.5 
1564032323879 115 6 27 0.01 0 0 0 26.5 41.7 12.5 
1564032323985 116 6 27 0.01 0 0 0 26.5 41.7 12.5 
1564032324091 117 6 27 0.01 0 0 0 26.5 41.7 12.5 
1564032324195 117 6 27 0.02 0 0 0 26.5 41.7 12.5 
1564032324300 117 6 22 0.02 0 0 0 26.5 41.7 12.6 
1564032324405 117 6 22 0.01 0 0 0 26.5 41.7 12.6 
1564032324511 119 6 22 0.01 0 0 0 26.5 41.7 12.6 
1564032324616 120 6 27 0.01 0 0 0 26.5 41.7 12.6 
1564032324722 121 6 27 0.01 0 0 0 26.5 41.7 12.6 
1564032324827 122 6 27 0.02 0 0 0 26.5 41.7 12.6 
1564032324931 121 6 27 0.02 0 0 0 26.5 41.7 12.6 
1564032325036 120 6 22 0.02 0 0 0 26.5 41.7 12.6 
1564032325141 119 6 22 0.02 0 0 0 26.5 41.7 12.6 
1564032325248 119 6 22 0.02 0 0 0 26.5 41.7 12.6 
1564032325354 120 6 22 0.02 0 0 0 26.5 41.7 12.6 
1564032325459 121 6 27 0.01 0 0 0 26.5 41.7 12.6 
1564032325563 122 6 27 0.01 0 0 0 26.5 41.7 12.6 
1564032325669 122 6 27 0.01 0 0 0 26.5 41.7 12.6 
1564032325775 122 6 27 0.01 0 0 0 26.5 42.2 12.6 
1564032325880 121 6 27 0.01 0 0 0 26.5 42.2 12.6 
1564032325986 122 6 27 0.01 0 0 0 26.5 42.2 12.6 
1564032326091 123 6 27 0.02 0 0 0 26.5 42.2 12.6 
1564032326195 123 6 22 0.02 0 0 0 26.5 42.2 12.6 
1564032326300 123 6 22 0.01 0 0 0 26.5 42.2 12.6 
1564032326405 122 6 22 0.01 0 0 0 26.5 42.2 12.6 
1564032326511 122 6 22 0.01 0 0 0 26.5 42.2 12.6 
1564032326617 124 6 22 0.01 0 0 0 26.5 42.2 12.6 
1564032326723 126 6 27 0.02 0 0 0 26.5 42.2 12.6 
1564032326829 127 6 27 0.02 0 0 0 26.5 42.2 12.6 
1564032326933 129 6 27 0.01 0 0 0 26.5 42.2 12.6 
1564032327038 129 6 27 0.01 0 0 0 26.5 42.2 12.6 
1564032327143 127 6 27 0.02 0 0 0 26.5 42.2 12.6 
1564032327249 124 6 27 0.02 0 0 0 26.5 42.2 12.6 
1564032327356 123 6 22 0.02 0 0 0 26.5 42.2 12.6 
1564032327460 121 6 20 0.02 0 0 0 26.5 42.2 12.6 
1564032327565 121 6 20 0.03 0 0 0 26.5 42.2 12.6 
1564032327670 121 6 22 0.03 0 0 0 26.5 42.2 12.6 
1564032327776 121 6 22 0.02 0 0 0 26.5 42.2 12.6 
1564032327882 123 6 22 0.02 0 0 0 26.5 42.2 12.6 
1564032327988 124 6 27 0.03 0 0 0 26.5 42.2 12.6 
1564032328093 125 6 27 0.03 0 0 0 26.5 42.2 12.6 
1564032328205 128 6 27 0.02 0 0 0 26.5 42.2 12.6 
1564032328310 129 6 27 0.02 0 0 0 26.5 42.2 12.6 
1564032328415 128 6 27 0.01 0 0 0 26.5 42.2 12.6 
1564032328521 126 6 27 0.01 0 0 0 26.5 42.2 12.6 
1564032328627 124 6 27 0.02 0 0 0 26.5 42.2 12.6 
1564032328733 123 6 22 0.02 0 0 0 26.5 42.2 12.6 
1564032328837 120 6 22 0.01 0 0 0 26.5 42.2 12.6 
1564032328944 120 6 17 0.01 0 0 0 26.5 42.2 12.6 
1564032329049 119 6 17 0.01 0 0 0 26.5 42.2 12.6 
1564032329154 120 6 22 0.01 0 0 0 26.5 42.2 12.6 
1564032329259 122 6 27 0.02 0 0 0 26.5 42.2 12.6 
1564032329363 124 6 27 0.02 0 0 0 26.5 42.2 12.6 
1564032329469 126 6 31 0.02 0 0 0 26.5 42.2 12.6 
1564032329575 125 6 31 0.02 0 0 0 26.5 42.2 12.6 
1564032329681 124 6 27 0.02 0 0 0 26.5 42.2 12.6 
1564032329785 122 6 27 0.02 0 0 0 26.5 42.2 12.6 
1564032329891 121 6 22 0.02 0 0 0 26.5 42.2 12.6 
1564032329995 120 6 22 0.02 0 0 0 26.5 42.2 12.6 
1564032330099 119 6 22 0.03 0 0 0 26.5 42.2 12.6 
1564032330204 119 6 22 0.03 0 0 0 26.5 42.2 12.6 
1564032330310 120 6 22 0.04 0 0 0 26.5 42.2 12.6 
1564032330415 122 6 27 0.04 0 0 0 26.5 42.2 12.6 
1564032330520 122 6 27 0.04 0 0 0 26.5 42.2 12.6 
1564032330625 123 12 27 0.04 0 0 0 26.5 42.2 12.6 
1564032330731 124 12 27 0.03 0 0 0 26.5 42.2 12.6 
1564032330835 124 12 27 0.03 0 0 0 26.5 42.2 12.6 
1564032330940 124 6 27 0.03 0 0 0 26.5 42.2 12.6 
1564032331047 123 12 27 0.03 0 0 0 26.5 42.2 12.6 
1564032331152 123 12 27 0.04 0 0 0 26.5 42.2 12.6 
1564032331257 122 6 27 0.04 0 0 0 26.5 42.2 12.6 
1564032331361 122 6 27 0.03 0 0 0 26.5 42.2 12.6 
1564032331466 122 6 27 0.03 0 0 0 26.5 42.2 12.6 
1564032331571 121 6 27 0.03 0 0 0 26.5 42.2 12.6 
1564032331677 120 6 27 0.03 0 0 0 26.5 42.2 12.6 
1564032331783 119 6 22 0.03 0 0 0 26.5 42.2 12.6 
1564032331888 119 6 22 0.03 0 0 0 26.5 42.2 12.6 
1564032331994 119 6 22 0.04 0 0 0 26.5 42.2 12.6 
1564032332099 119 6 27 0.04 0 0 0 26.5 42.2 12.6 
1564032332203 121 6 27 0.03 0 0 0 26.5 42.2 12.6 
1564032332309 122 6 27 0.03 0 0 0 26.5 42.2 12.6 
