1564043695036 89 11 6 0.25 0 0 0 25.0 35.8 12.8 
1564043695141 89 11 11 0.25 0 0 0 25.0 35.8 12.8 
1564043695246 88 11 11 0.25 0 0 0 25.0 35.8 12.8 
1564043695352 88 12 12 0.25 0 0 0 25.0 35.8 12.8 
1564043695456 89 12 6 0.25 0 0 0 25.0 35.8 12.8 
1564043695560 89 12 12 0.26 0 0 0 25.0 35.8 12.8 
1564043695664 89 12 12 0.26 0 0 0 25.0 35.8 12.8 
1564043695770 89 12 12 0.26 0 0 0 25.0 35.8 12.8 
1564043695874 90 17 12 0.26 0 0 0 25.0 35.8 12.8 
1564043695980 89 17 12 0.24 0 0 0 25.0 35.8 12.8 
1564043696085 90 16 6 0.24 0 0 0 25.0 35.8 12.8 
1564043696189 91 12 6 0.24 0 0 0 25.0 35.8 12.8 
1564043696295 91 12 6 0.24 0 0 0 25.0 35.8 12.8 
1564043696399 91 12 6 0.25 0 0 0 25.0 35.8 12.8 
1564043696504 92 12 6 0.25 0 0 0 25.0 35.8 12.8 
1564043696609 91 12 6 0.24 0 0 0 25.0 35.8 12.8 
1564043696714 90 12 6 0.24 0 0 0 25.0 35.8 12.8 
1564043696820 90 12 6 0.24 0 0 0 25.0 35.8 12.8 
1564043696924 89 12 6 0.24 0 0 0 25.0 35.8 12.8 
1564043697029 89 11 11 0.25 0 0 0 25.0 35.8 12.8 
1564043697136 89 12 12 0.25 0 0 0 25.0 35.8 12.8 
1564043697273 88 11 11 0.24 0 0 0 25.0 35.8 12.8 
1564043697379 89 12 12 0.24 0 0 0 25.0 35.8 12.8 
1564043697502 89 12 6 0.25 0 0 0 25.0 35.8 12.8 
1564043697607 89 12 6 0.25 0 0 0 25.0 35.8 12.8 
1564043697713 89 12 6 0.25 0 0 0 25.0 35.8 12.8 
1564043697818 89 12 6 0.25 0 0 0 25.0 35.8 12.8 
1564043697924 88 12 6 0.24 0 0 0 25.0 35.8 12.8 
1564043698030 88 12 6 0.24 0 0 0 25.0 35.8 12.8 
1564043698135 89 12 12 0.24 0 0 0 25.0 36.9 12.8 
1564043698240 89 11 11 0.24 0 0 0 25.0 36.9 12.8 
1564043698345 90 11 11 0.24 0 0 0 25.0 36.9 12.8 
1564043698451 90 12 12 0.24 0 0 0 25.0 36.9 12.8 
1564043698557 91 12 6 0.24 0 0 0 25.0 36.9 12.8 
1564043698663 91 12 6 0.24 0 0 0 25.0 36.9 12.8 
1564043698770 91 12 6 0.26 0 0 0 25.0 36.9 12.8 
1564043698874 90 12 6 0.26 0 0 0 25.0 36.9 12.8 
1564043698981 89 12 12 0.25 0 0 0 25.0 36.9 12.8 
1564043699086 88 11 11 0.25 0 0 0 25.0 36.9 12.8 
1564043699193 88 11 11 0.24 0 0 0 25.0 36.9 12.8 
1564043699299 88 12 6 0.24 0 0 0 25.0 36.9 12.8 
1564043699405 89 12 6 0.24 0 0 0 25.0 36.9 12.8 
1564043699510 90 12 6 0.24 0 0 0 25.0 36.9 12.9 
1564043699616 91 12 6 0.24 0 0 0 25.0 36.9 12.9 
1564043699722 92 12 12 0.24 0 0 0 25.0 36.9 12.9 
1564043699828 92 17 12 0.24 0 0 0 25.0 36.9 12.9 
1564043699935 92 12 6 0.24 0 0 0 25.0 36.9 12.9 
1564043700040 91 12 6 0.25 0 0 0 25.0 36.9 12.9 
1564043700145 90 12 6 0.25 0 0 0 25.0 36.9 12.9 
1564043700252 89 12 6 0.23 0 24 -20 25.0 36.9 12.9 
1564043700359 89 12 6 0.23 0 28 21 25.0 36.9 12.8 
1564043700466 88 12 6 0.24 0 65 65 25.0 36.9 12.8 
1564043700573 87 11 6 0.24 0 76 79 25.0 36.9 12.6 
1564043700678 88 12 12 0.25 0 75 77 25.0 36.9 12.6 
1564043700789 90 12 0 0.25 0 77 79 25.0 36.9 12.6 
1564043700896 89 12 0 0.25 0 77 79 25.0 36.9 12.6 
1564043701001 89 12 6 0.25 0 77 79 25.0 36.9 12.5 
1564043701118 89 6 6 0.24 0 77 79 24.5 36.9 12.5 
1564043701225 86 12 0 0.24 0 77 79 24.5 36.9 12.5 
1564043701331 87 12 0 0.22 0 77 79 25.0 36.9 12.5 
1564043701437 85 13 -6 0.22 0 77 79 25.0 36.9 12.5 
1564043701542 85 6 -5 0.20 0 77 79 25.0 36.9 12.5 
1564043701649 82 6 0 0.20 0 77 79 25.0 36.9 12.5 
1564043701755 82 6 0 0.19 0 77 79 25.0 36.9 12.5 
1564043701860 80 6 6 0.19 0 77 79 25.0 36.9 12.5 
1564043701966 78 6 6 0.16 0 77 79 25.0 36.9 12.5 
1564043702071 77 0 6 0.16 0 77 79 25.0 36.9 12.5 
1564043702176 75 0 7 0.17 0 77 79 25.0 36.9 12.5 
1564043702282 75 0 0 0.17 0 77 79 25.0 36.9 12.5 
1564043702388 72 0 6 0.16 0 77 79 25.0 36.9 12.5 
1564043702494 71 0 6 0.16 0 77 79 25.0 36.9 12.5 
1564043702599 71 0 0 0.17 0 77 79 25.0 36.9 12.5 
1564043702704 69 6 6 0.17 0 77 79 25.0 36.9 12.4 
1564043702809 70 6 6 0.17 0 77 79 25.0 36.9 12.4 
1564043702914 72 0 6 0.17 0 77 79 25.0 36.9 12.4 
1564043703021 75 0 12 0.18 0 77 79 25.0 36.9 12.4 
1564043703126 77 -5 11 0.18 0 77 79 25.0 36.9 12.4 
1564043703232 80 0 6 0.17 0 77 79 25.0 36.9 12.4 
1564043703339 78 0 0 0.17 0 0 0 25.0 36.9 12.4 
1564043703444 82 0 -5 0.17 0 0 0 25.0 36.9 12.4 
1564043703550 74 0 -5 0.17 0 0 0 25.0 36.9 12.7 
1564043703655 74 0 0 0.18 0 0 0 25.0 36.9 12.7 
1564043703768 75 0 6 0.18 0 0 0 25.0 36.9 12.7 
1564043703873 80 0 11 0.18 0 0 0 25.0 36.9 12.7 
1564043703978 84 0 12 0.18 0 0 0 25.0 36.9 12.7 
1564043704083 90 0 12 0.18 0 0 0 25.0 36.9 12.7 
1564043704189 98 6 12 0.18 0 0 0 25.0 37.9 12.7 
1564043704293 97 6 12 0.20 0 0 0 25.0 37.9 12.7 
1564043704399 94 6 12 0.20 0 0 0 25.0 37.9 12.7 
1564043704504 91 6 12 0.19 0 0 0 25.0 37.9 12.7 
1564043704609 94 6 11 0.19 0 0 0 25.0 37.9 12.7 
1564043704714 93 6 11 0.19 0 0 0 25.0 37.9 12.7 
1564043704820 93 6 11 0.19 0 0 0 25.0 37.9 12.7 
1564043704925 92 6 11 0.18 0 0 0 25.0 37.9 12.7 
1564043705031 93 6 11 0.18 0 0 0 25.0 37.9 12.7 
1564043705136 91 6 6 0.19 0 0 0 25.0 37.9 12.7 
1564043705242 90 6 6 0.19 0 0 0 25.0 37.9 12.7 
1564043705347 90 6 0 0.21 0 0 0 25.0 37.9 12.7 
1564043705453 87 6 6 0.21 0 0 0 25.0 37.9 12.7 
1564043705559 84 12 6 0.22 0 0 0 25.0 37.9 12.7 
1564043705665 82 11 11 0.22 0 0 0 25.0 37.9 12.7 
1564043705770 85 11 11 0.21 0 0 0 25.0 37.9 12.7 
1564043705874 87 11 11 0.21 0 0 0 25.0 37.9 12.7 
1564043705979 91 11 11 0.22 0 0 0 25.0 37.9 12.7 
1564043706085 95 12 17 0.22 0 0 0 25.0 37.9 12.7 
1564043706192 96 12 17 0.24 0 0 0 25.0 37.9 12.7 
1564043706297 96 12 12 0.24 0 0 0 25.0 37.9 12.7 
1564043706402 95 12 6 0.23 0 0 0 25.0 37.9 12.7 
1564043706507 94 12 6 0.23 0 0 0 25.0 37.9 12.7 
1564043706612 93 12 6 0.24 0 0 0 25.0 37.9 12.7 
1564043706718 93 12 6 0.24 0 0 0 25.0 37.9 12.7 
1564043706823 92 12 6 0.24 0 0 0 25.0 37.9 12.7 
1564043706929 93 12 6 0.24 0 0 0 25.0 37.9 12.8 
1564043707035 93 12 6 0.24 0 0 0 25.0 37.9 12.8 
1564043707161 92 12 6 0.24 0 0 0 25.0 37.9 12.8 
1564043707267 92 11 11 0.24 0 0 0 25.0 37.4 12.8 
1564043707372 92 11 11 0.24 0 0 0 25.0 37.4 12.8 
1564043707478 93 12 17 0.25 0 0 0 25.0 37.4 12.8 
1564043707584 93 12 17 0.25 0 0 0 25.0 37.4 12.8 
1564043707691 93 12 12 0.24 0 0 0 25.0 37.4 12.8 
1564043707796 90 12 6 0.24 0 0 0 25.0 37.4 12.8 
1564043707901 89 12 0 0.25 0 0 0 25.0 37.4 12.8 
1564043708007 86 12 0 0.25 0 0 0 25.0 37.4 12.8 
1564043708113 84 11 0 0.26 0 0 0 25.0 37.4 12.8 
1564043708218 84 11 6 0.26 0 0 0 25.0 37.4 12.8 
1564043708323 84 11 11 0.26 0 0 0 25.0 37.4 12.8 
1564043708429 86 12 12 0.26 0 0 0 25.0 37.4 12.8 
1564043708534 87 12 12 0.26 0 0 0 25.0 37.4 12.8 
1564043708640 88 12 12 0.26 0 0 0 25.0 37.4 12.8 
1564043708746 88 12 12 0.26 0 0 0 25.0 37.4 12.8 
1564043708852 88 12 12 0.26 0 0 0 25.0 37.4 12.8 
1564043708958 89 12 12 0.26 0 0 0 25.0 37.4 12.8 
1564043709064 89 12 12 0.26 0 0 0 25.0 37.4 12.8 
1564043709170 90 12 12 0.26 0 0 0 25.0 37.4 12.8 
1564043709275 90 12 12 0.26 0 0 0 25.0 37.4 12.8 
1564043709380 90 12 12 0.26 0 0 0 25.0 37.4 12.8 
1564043709485 91 17 6 0.26 0 0 0 25.0 37.4 12.8 
1564043709592 91 17 0 0.26 0 0 0 25.0 37.4 12.8 
1564043709698 90 17 0 0.26 0 0 0 25.0 37.4 12.8 
1564043709803 90 17 0 0.26 0 0 0 25.0 37.4 12.8 
1564043709920 90 17 0 0.26 0 0 0 25.0 37.4 12.8 
1564043710026 91 12 12 0.25 0 0 0 25.0 37.4 12.8 
1564043710131 92 12 12 0.25 0 0 0 25.0 37.4 12.8 
1564043710236 93 12 12 0.26 0 0 0 25.0 37.4 12.8 
1564043710341 92 12 12 0.26 0 0 0 25.0 37.4 12.8 
1564043710448 91 12 12 0.26 0 0 0 25.0 37.4 12.8 
1564043710554 89 12 12 0.26 0 0 0 25.0 37.4 12.8 
1564043710661 88 17 12 0.27 0 0 0 25.0 37.4 12.8 
1564043710766 86 12 12 0.27 0 0 0 25.0 37.4 12.8 
1564043710872 84 12 6 0.25 0 0 0 25.0 37.4 12.8 
1564043710977 84 12 6 0.25 0 0 0 25.0 37.4 12.8 
1564043711083 84 11 0 0.26 0 0 0 25.0 37.4 12.8 
1564043711191 84 12 6 0.26 0 0 0 25.0 37.4 12.8 
1564043711297 84 12 6 0.24 0 0 0 25.0 37.4 12.8 
1564043711402 84 12 6 0.24 0 0 0 25.0 37.4 12.8 
1564043711507 85 12 6 0.25 0 0 0 25.0 37.4 12.8 
1564043711612 84 12 12 0.25 0 0 0 25.0 37.4 12.8 
1564043711718 85 12 6 0.26 0 0 0 25.0 37.4 12.8 
1564043711824 84 12 6 0.26 0 0 0 25.0 37.4 12.8 
1564043711930 84 12 12 0.26 0 0 0 25.0 37.4 12.8 
1564043712035 83 12 12 0.26 0 0 0 25.0 37.4 12.8 
1564043712140 84 12 12 0.25 0 0 0 25.0 37.4 12.8 
1564043712246 84 12 12 0.25 0 0 0 25.0 37.4 12.8 
1564043712352 85 12 6 0.27 0 0 0 25.0 37.4 12.8 
1564043712458 86 12 6 0.27 0 0 0 25.0 37.4 12.8 
1564043712563 86 12 6 0.25 0 0 0 25.0 37.4 12.8 
1564043712669 86 11 6 0.25 0 0 0 25.0 37.4 12.8 
1564043712774 85 11 11 0.25 0 0 0 25.0 37.4 12.8 
1564043712879 86 11 6 0.25 0 0 0 25.0 37.4 12.8 
1564043712985 87 12 6 0.26 0 0 0 25.0 37.4 12.8 
1564043713092 88 12 6 0.26 0 0 0 25.0 37.4 12.8 
1564043713207 90 12 6 0.27 0 0 0 25.0 37.4 12.8 
1564043713313 91 12 6 0.27 0 0 0 25.0 36.9 12.8 
1564043713421 92 12 12 0.26 0 0 0 25.0 36.9 12.8 
1564043713527 91 12 12 0.26 0 0 0 25.0 36.9 12.8 
1564043713633 90 17 12 0.26 0 0 0 25.0 36.9 12.8 
1564043713739 88 17 12 0.26 0 0 0 25.0 36.9 12.8 
1564043713844 87 17 12 0.25 0 0 0 25.0 36.9 12.8 
1564043713950 86 17 6 0.25 0 0 0 25.0 36.9 12.8 
1564043714055 86 17 6 0.25 0 0 0 25.0 36.9 12.8 
1564043714161 86 16 11 0.25 0 0 0 25.0 36.9 12.8 
1564043714267 87 11 6 0.24 0 0 0 25.0 36.9 12.8 
1564043714373 87 12 6 0.24 0 0 0 25.0 36.9 12.8 
1564043714478 87 12 6 0.25 0 0 0 25.0 36.9 12.8 
1564043714584 87 12 6 0.25 0 0 0 25.0 36.9 12.8 
1564043714691 85 12 6 0.25 0 0 0 25.0 36.9 12.8 
1564043714811 85 12 6 0.25 0 0 0 25.0 36.9 12.8 
1564043714918 82 11 11 0.25 0 0 0 25.0 36.9 12.8 
1564043715025 80 11 16 0.25 0 0 0 25.0 36.9 12.8 
1564043715131 79 11 16 0.25 0 0 0 25.0 36.9 12.8 
1564043715236 81 11 11 0.25 0 0 0 25.0 36.9 12.8 
1564043715350 85 12 12 0.25 0 0 0 25.0 36.9 12.8 
1564043715460 87 12 6 0.25 0 0 0 25.0 36.9 12.8 
1564043715566 89 12 6 0.25 0 0 0 25.0 36.9 12.8 
1564043715671 90 12 6 0.25 0 0 0 25.0 36.9 12.8 
1564043715776 90 17 6 0.25 0 0 0 25.0 36.9 12.8 
1564043715883 90 17 6 0.25 0 0 0 25.0 36.9 12.8 
1564043715990 89 17 0 0.25 0 0 0 25.0 36.9 12.8 
1564043716097 89 17 0 0.25 0 0 0 25.0 36.9 12.8 
