1564032871307 0 0 0 0.00 0 0 0 0.0 0.0 0.0 
1564032871418 92 62 0 0.00 0 0 0 0.0 0.0 0.0 
1564032871522 114 62 0 0.00 0 0 0 0.0 0.0 0.0 
1564032871626 114 62 0 0.00 0 0 0 0.0 0.0 0.0 
1564032871729 114 62 0 0.00 0 0 0 0.0 0.0 0.0 
1564032871831 114 62 0 0.00 0 0 0 0.0 0.0 0.0 
1564032871935 114 62 0 0.00 0 0 0 0.0 0.0 0.0 
1564032872037 114 62 0 0.00 0 0 0 0.0 0.0 0.0 
1564032872140 114 62 0 0.00 0 0 0 0.0 0.0 0.0 
1564032872243 114 62 0 0.00 0 0 0 0.0 0.0 0.0 
1564032872347 114 62 0 0.00 0 0 0 0.0 0.0 0.0 
1564032872449 114 62 0 0.00 0 0 0 0.0 0.0 0.0 
1564032872552 114 62 0 0.00 0 0 0 0.0 0.0 0.0 
1564032872655 114 62 0 0.00 0 0 0 0.0 0.0 0.0 
1564032872758 114 62 0 0.00 0 0 0 0.0 0.0 0.0 
1564032872861 114 62 0 0.00 0 0 0 0.0 0.0 0.0 
1564032872964 114 62 0 0.00 0 0 0 0.0 0.0 0.0 
1564032873066 114 62 0 0.00 0 0 0 0.0 0.0 0.0 
1564032873169 114 62 0 0.00 0 0 0 0.0 0.0 0.0 
1564032873272 114 62 0 0.00 0 0 0 0.0 0.0 0.0 
1564032873375 114 62 0 0.00 0 0 0 0.0 0.0 0.0 
1564032873478 114 62 0 0.00 0 0 0 0.0 0.0 0.0 
1564032873581 114 62 0 0.00 0 0 0 0.0 0.0 0.0 
1564032873683 114 62 0 0.00 0 0 0 0.0 0.0 0.0 
1564032873785 114 62 0 0.00 0 0 0 0.0 0.0 0.0 
1564032873888 114 62 0 0.00 0 0 0 0.0 0.0 0.0 
1564032873991 114 62 0 0.00 0 0 0 0.0 0.0 0.0 
1564032874093 114 62 0 0.00 0 0 0 0.0 0.0 0.0 
1564032874195 114 62 0 0.00 0 0 0 0.0 0.0 0.0 
1564032874300 114 62 0 0.00 0 0 0 0.0 26.1 0.0 
1564032874403 114 62 0 0.00 0 0 0 0.0 26.1 0.0 
1564032874505 114 62 0 0.00 0 0 0 0.0 26.1 0.0 
1564032874607 114 62 0 0.00 0 0 0 0.0 26.1 0.0 
1564032874710 114 62 0 0.00 0 0 0 0.0 26.1 0.0 
1564032874813 114 62 0 0.00 0 0 0 0.0 26.1 0.0 
1564032874916 114 62 0 0.00 0 0 0 0.0 26.1 0.0 
1564032875019 114 62 0 0.00 0 0 0 0.0 26.1 0.0 
1564032875121 114 62 0 0.00 0 0 0 0.0 26.1 0.0 
1564032875224 114 62 0 0.00 0 0 0 0.0 26.1 0.0 
1564032875326 114 62 0 0.00 0 0 0 0.0 26.1 0.0 
1564032875428 114 62 0 0.00 0 0 0 0.0 26.1 0.0 
1564032875531 114 62 0 0.00 0 0 0 0.0 26.1 0.0 
1564032875633 114 62 0 0.00 0 0 0 0.0 26.1 0.0 
1564032875735 114 62 0 0.00 0 0 0 0.0 26.1 0.0 
1564032875838 114 62 0 0.00 0 0 0 0.0 26.1 0.0 
1564032875942 114 62 0 0.00 0 0 0 0.0 26.1 0.0 
1564032876044 114 62 0 0.00 0 0 0 0.0 26.1 0.0 
1564032876148 114 62 0 0.00 0 0 0 0.0 26.1 0.0 
1564032876252 114 62 0 0.00 0 0 0 0.0 26.1 0.0 
1564032876355 114 62 0 0.00 0 0 0 0.0 26.1 0.0 
1564032876457 114 62 0 0.00 0 0 0 0.0 26.1 0.0 
1564032876560 114 62 0 0.00 0 0 0 0.0 26.1 0.0 
1564032876664 114 62 0 0.00 0 0 0 0.0 26.1 0.0 
1564032876767 114 62 0 0.00 0 0 0 0.0 26.1 0.0 
1564032876870 114 62 0 0.00 0 0 0 0.0 26.1 0.0 
1564032876973 114 62 0 0.00 0 0 0 0.0 26.1 0.0 
1564032877076 114 62 0 0.00 0 0 0 0.0 26.1 0.0 
1564032877180 114 62 0 0.00 0 0 0 0.0 26.1 0.0 
1564032877283 114 62 0 0.00 0 0 0 0.0 26.1 0.0 
1564032877386 114 62 0 0.00 0 0 0 0.0 27.7 0.0 
1564032877488 114 62 0 0.00 0 0 0 0.0 27.7 0.0 
1564032877592 114 62 0 0.00 0 0 0 0.0 27.7 0.0 
1564032877695 114 62 0 0.00 0 0 0 0.0 27.7 0.0 
1564032877799 114 62 0 0.00 0 0 0 0.0 27.7 0.0 
1564032877903 114 62 0 0.00 0 0 0 0.0 27.7 0.0 
1564032878006 114 62 0 0.00 0 0 0 0.0 27.7 0.0 
1564032878109 114 62 0 0.00 0 0 0 0.0 27.7 0.0 
1564032878213 114 62 0 0.00 0 0 0 0.0 27.7 0.0 
1564032878317 114 62 0 0.00 0 0 0 0.0 27.7 0.0 
1564032878420 114 62 0 0.00 0 0 0 0.0 27.7 0.0 
1564032878523 114 62 0 0.00 0 0 0 0.0 27.7 0.0 
1564032878626 114 62 0 0.00 0 0 0 0.0 27.7 0.0 
1564032878729 114 62 0 0.00 0 0 0 0.0 27.7 0.0 
1564032878832 114 62 0 0.00 0 0 0 0.0 27.7 0.0 
1564032878935 114 62 0 0.00 0 0 0 0.0 27.7 0.0 
1564032879039 114 62 0 0.00 0 0 0 0.0 27.7 0.0 
1564032879143 114 62 0 0.00 0 0 0 0.0 27.7 0.0 
1564032879248 114 62 0 0.00 0 0 0 0.0 27.7 0.0 
1564032879352 114 62 0 0.00 0 0 0 0.0 27.7 0.0 
1564032879455 114 62 0 0.00 0 0 0 0.0 27.7 0.0 
1564032879558 114 62 0 0.00 0 0 0 0.0 27.7 0.0 
1564032879661 114 62 0 0.00 0 0 0 0.0 27.7 0.0 
1564032879764 114 62 0 0.00 0 0 0 0.0 27.7 0.0 
1564032879867 114 62 0 0.00 0 0 0 0.0 27.7 0.0 
1564032879971 114 62 0 0.00 0 0 0 0.0 27.7 0.0 
1564032880074 114 62 0 0.00 0 0 0 0.0 27.7 0.0 
1564032880179 114 62 0 0.00 0 0 0 0.0 27.7 0.0 
1564032880282 114 62 0 0.00 0 0 0 0.0 27.7 0.0 
1564032880386 114 62 0 0.00 0 0 0 0.0 28.2 0.0 
1564032880489 114 62 0 0.00 0 0 0 0.0 28.2 0.0 
1564032880592 114 62 0 0.00 0 0 0 0.0 28.2 0.0 
1564032880695 114 62 0 0.00 0 0 0 0.0 28.2 0.0 
1564032880798 114 62 0 0.00 0 0 0 0.0 28.2 0.0 
1564032880902 114 62 0 0.00 0 0 0 0.0 28.2 0.0 
1564032881006 114 62 0 0.00 0 0 0 0.0 28.2 0.0 
1564032881109 114 62 0 0.00 0 0 0 0.0 28.2 0.0 
1564032881213 114 62 0 0.00 0 0 0 0.0 28.2 0.0 
1564032881317 114 62 0 0.00 0 0 0 0.0 28.2 0.0 
1564032881419 114 62 0 0.00 0 0 0 0.0 28.2 0.0 
1564032881523 114 62 0 0.00 0 0 0 0.0 28.2 0.0 
1564032881626 114 62 0 0.00 0 0 0 0.0 28.2 0.0 
1564032881729 114 62 0 0.00 0 0 0 0.0 28.2 0.0 
1564032881832 114 62 0 0.00 0 0 0 0.0 28.2 0.0 
1564032881936 114 62 0 0.00 0 0 0 0.0 28.2 0.0 
1564032882039 114 62 0 0.00 0 0 0 0.0 28.2 0.0 
1564032882143 114 62 0 0.00 0 0 0 0.0 28.2 0.0 
1564032882247 114 62 0 0.00 0 0 0 0.0 28.2 0.0 
1564032882351 114 62 0 0.00 0 0 0 0.0 28.2 0.0 
1564032882454 114 62 0 0.00 0 0 0 0.0 28.2 0.0 
1564032882557 114 62 0 0.00 0 0 0 0.0 28.2 0.0 
1564032882659 114 62 0 0.00 0 0 0 0.0 28.2 0.0 
1564032882763 114 62 0 0.00 0 0 0 0.0 28.2 0.0 
1564032882866 114 62 0 0.00 0 0 0 0.0 28.2 0.0 
1564032882970 114 62 0 0.00 0 0 0 0.0 28.2 0.0 
1564032883073 114 62 0 0.00 0 0 0 0.0 28.2 0.0 
1564032883177 114 62 0 0.00 0 0 0 0.0 28.2 0.0 
1564032883280 114 62 0 0.00 0 0 0 0.0 28.2 0.0 
1564032883384 114 62 0 0.00 0 0 0 0.0 29.3 0.0 
1564032883488 114 62 0 0.00 0 0 0 0.0 29.3 0.0 
1564032883591 114 62 0 0.00 0 0 0 0.0 29.3 0.0 
1564032883694 114 62 0 0.00 0 0 0 0.0 29.3 0.0 
1564032883797 114 62 0 0.00 0 0 0 0.0 29.3 0.0 
1564032883902 114 62 0 0.00 0 0 0 0.0 29.3 0.0 
1564032884005 114 62 0 0.00 0 0 0 0.0 29.3 0.0 
1564032884110 114 62 0 0.00 0 0 0 0.0 29.3 0.0 
1564032884213 114 62 0 0.00 0 0 0 0.0 29.3 0.0 
1564032884317 114 62 0 0.00 0 0 0 0.0 29.3 0.0 
1564032884420 114 62 0 0.00 0 0 0 0.0 29.3 0.0 
1564032884523 114 62 0 0.00 0 0 0 0.0 29.3 0.0 
1564032884626 114 62 0 0.00 0 0 0 0.0 29.3 0.0 
1564032884729 114 62 0 0.00 0 0 0 0.0 29.3 0.0 
1564032884832 114 62 0 0.00 0 0 0 0.0 29.3 0.0 
1564032884937 114 62 0 0.00 0 0 0 0.0 29.3 0.0 
1564032885040 114 62 0 0.00 0 0 0 0.0 29.3 0.0 
1564032885144 114 62 0 0.00 0 0 0 0.0 29.3 0.0 
1564032885248 114 62 0 0.00 0 0 0 0.0 29.3 0.0 
1564032885352 114 62 0 0.00 0 0 0 0.0 29.3 0.0 
1564032885455 114 62 0 0.00 0 0 0 0.0 29.3 0.0 
1564032885558 114 62 0 0.00 0 0 0 0.0 29.3 0.0 
1564032885661 114 62 0 0.00 0 0 0 0.0 29.3 0.0 
1564032885764 114 62 0 0.00 0 0 0 0.0 29.3 0.0 
1564032885867 114 62 0 0.00 0 0 0 0.0 29.3 0.0 
1564032885971 114 62 0 0.00 0 0 0 0.0 29.3 0.0 
1564032886075 114 62 0 0.00 0 0 0 0.0 29.3 0.0 
1564032886180 114 62 0 0.00 0 0 0 0.0 29.3 0.0 
1564032886283 114 62 0 0.00 0 0 0 0.0 29.3 0.0 
1564032886388 114 62 0 0.00 0 0 0 0.0 29.3 0.0 
1564032886491 114 62 0 0.00 0 0 0 0.0 28.8 0.0 
1564032886595 114 62 0 0.00 0 0 0 0.0 28.8 0.0 
1564032886699 114 62 0 0.00 0 0 0 0.0 28.8 0.0 
1564032886804 114 62 0 0.00 0 0 0 0.0 28.8 0.0 
1564032886907 114 62 0 0.00 0 0 0 0.0 28.8 0.0 
1564032887011 114 62 0 0.00 0 0 0 0.0 28.8 0.0 
1564032887115 114 62 0 0.00 0 0 0 0.0 28.8 0.0 
1564032887217 114 62 0 0.00 0 0 0 0.0 28.8 0.0 
1564032887320 114 62 0 0.00 0 0 0 0.0 28.8 0.0 
1564032887423 114 62 0 0.00 0 0 0 0.0 28.8 0.0 
1564032887526 114 62 0 0.00 0 0 0 0.0 28.8 0.0 
1564032887629 114 62 0 0.00 0 0 0 0.0 28.8 0.0 
1564032887732 114 62 0 0.00 0 0 0 0.0 28.8 0.0 
1564032887835 114 62 0 0.00 0 0 0 0.0 28.8 0.0 
1564032887939 114 62 0 0.00 0 0 0 0.0 28.8 0.0 
1564032888042 114 62 0 0.00 0 0 0 0.0 28.8 0.0 
1564032888146 114 62 0 0.00 0 0 0 0.0 28.8 0.0 
1564032888250 114 62 0 0.00 0 0 0 0.0 28.8 0.0 
1564032888353 114 62 0 0.00 0 0 0 0.0 28.8 0.0 
1564032888455 114 62 0 0.00 0 0 0 0.0 28.8 0.0 
1564032888559 114 62 0 0.00 0 0 0 0.0 28.8 0.0 
1564032888662 114 62 0 0.00 0 0 0 0.0 28.8 0.0 
1564032888765 114 62 0 0.00 0 0 0 0.0 28.8 0.0 
1564032888869 114 62 0 0.00 0 0 0 0.0 28.8 0.0 
1564032888973 114 62 0 0.00 0 0 0 0.0 28.8 0.0 
1564032889077 114 62 0 0.00 0 0 0 0.0 28.8 0.0 
1564032889181 114 62 0 0.00 0 0 0 0.0 28.8 0.0 
1564032889284 114 62 0 0.00 0 0 0 0.0 28.8 0.0 
1564032889400 114 62 0 0.00 0 0 0 0.0 28.8 0.0 
1564032889504 114 62 0 0.00 0 0 0 0.0 29.3 0.0 
1564032889609 114 62 0 0.00 0 0 0 0.0 29.3 0.0 
1564032889713 114 62 0 0.00 0 0 0 0.0 29.3 0.0 
1564032889816 114 62 0 0.00 0 0 0 0.0 29.3 0.0 
1564032889920 114 62 0 0.00 0 0 0 0.0 29.3 0.0 
1564032890022 114 62 0 0.00 0 0 0 0.0 29.3 0.0 
1564032890126 114 62 0 0.00 0 0 0 0.0 29.3 0.0 
1564032890228 114 62 0 0.00 0 0 0 0.0 29.3 0.0 
1564032890331 114 62 0 0.00 0 0 0 0.0 29.3 0.0 
1564032890435 114 62 0 0.00 0 0 0 0.0 29.3 0.0 
1564032890538 114 62 0 0.00 0 0 0 0.0 29.3 0.0 
1564032890643 114 62 0 0.00 0 0 0 0.0 29.3 0.0 
1564032890747 114 62 0 0.00 0 0 0 0.0 29.3 0.0 
1564032890850 114 62 0 0.00 0 0 0 0.0 29.3 0.0 
1564032890954 114 62 0 0.00 0 0 0 0.0 29.3 0.0 
1564032891058 114 62 0 0.00 0 0 0 0.0 29.3 0.0 
1564032891160 114 62 0 0.00 0 0 0 0.0 29.3 0.0 
1564032891267 114 62 0 0.00 0 0 0 0.0 29.3 0.0 
1564032891370 114 62 0 0.00 0 0 0 0.0 29.3 0.0 
1564032891474 114 62 0 0.00 0 0 0 0.0 29.3 0.0 
1564032891578 114 62 0 0.00 0 0 0 0.0 29.3 0.0 
1564032891682 114 62 0 0.00 0 0 0 0.0 29.3 0.0 
1564032891784 114 62 0 0.00 0 0 0 0.0 29.3 0.0 
1564032891888 114 62 0 0.00 0 0 0 0.0 29.3 0.0 
1564032891991 114 62 0 0.00 0 0 0 0.0 29.3 0.0 
1564032892094 114 62 0 0.00 0 0 0 0.0 29.3 0.0 
1564032892197 114 62 0 0.00 0 0 0 0.0 29.3 0.0 
1564032892301 114 62 0 0.00 0 0 0 0.0 29.3 0.0 
1564032892425 114 62 0 0.00 0 0 0 0.0 29.3 0.0 
1564032892528 114 62 0 0.00 0 0 0 0.0 29.9 0.0 
1564032892632 114 62 0 0.00 0 0 0 0.0 29.9 0.0 
1564032892735 114 62 0 0.00 0 0 0 0.0 29.9 0.0 
1564032892837 114 62 0 0.00 0 0 0 0.0 29.9 0.0 
1564032892940 114 62 0 0.00 0 0 0 0.0 29.9 0.0 
1564032893044 114 62 0 0.00 0 0 0 0.0 29.9 0.0 
1564032893168 114 62 0 0.00 0 0 0 0.0 29.9 0.0 
1564032893273 114 62 0 0.00 0 0 0 0.0 29.9 0.0 
1564032893377 114 62 0 0.00 0 0 0 0.0 29.9 0.0 
1564032893480 114 62 0 0.00 0 0 0 0.0 29.9 0.0 
1564032893582 114 62 0 0.00 0 0 0 0.0 29.9 0.0 
1564032893685 114 62 0 0.00 0 0 0 0.0 29.9 0.0 
1564032893788 114 62 0 0.00 0 0 0 0.0 29.9 0.0 
1564032893891 114 62 0 0.00 0 0 0 0.0 29.9 0.0 
1564032893995 114 62 0 0.00 0 0 0 0.0 29.9 0.0 
1564032894099 114 62 0 0.00 0 0 0 0.0 29.9 0.0 
1564032894203 114 62 0 0.00 0 0 0 0.0 29.9 0.0 
1564032894307 114 62 0 0.00 0 0 0 0.0 29.9 0.0 
1564032894412 114 62 0 0.00 0 0 0 0.0 29.9 0.0 
1564032894515 114 62 0 0.00 0 0 0 0.0 29.9 0.0 
1564032894618 114 62 0 0.00 0 0 0 0.0 29.9 0.0 
1564032894722 114 62 0 0.00 0 0 0 0.0 29.9 0.0 
1564032894825 114 62 0 0.00 0 0 0 0.0 29.9 0.0 
1564032894928 114 62 0 0.00 0 0 0 0.0 29.9 0.0 
1564032895033 114 62 0 0.00 0 0 0 0.0 29.9 0.0 
1564032895138 114 62 0 0.00 0 0 0 0.0 29.9 0.0 
1564032895243 114 62 0 0.00 0 0 0 0.0 29.9 0.0 
1564032895347 114 62 0 0.00 0 0 0 0.0 29.9 0.0 
1564032895451 114 62 0 0.00 0 0 0 0.0 29.9 0.0 
1564032895554 114 62 0 0.00 0 0 0 0.0 31.5 0.0 
1564032895657 114 62 0 0.00 0 0 0 0.0 31.5 0.0 
1564032895760 114 62 0 0.00 0 0 0 0.0 31.5 0.0 
1564032895865 114 62 0 0.00 0 0 0 0.0 31.5 0.0 
1564032895968 114 62 0 0.00 0 0 0 0.0 31.5 0.0 
1564032896071 114 62 0 0.00 0 0 0 0.0 31.5 0.0 
1564032896175 114 62 0 0.00 0 0 0 0.0 31.5 0.0 
1564032896279 114 62 0 0.00 0 0 0 0.0 31.5 0.0 
1564032896382 114 62 0 0.00 0 0 0 0.0 31.5 0.0 
1564032896485 114 62 0 0.00 0 0 0 0.0 31.5 0.0 
1564032896589 114 62 0 0.00 0 0 0 0.0 31.5 0.0 
1564032896692 114 62 0 0.00 0 0 0 0.0 31.5 0.0 
1564032896796 114 62 0 0.00 0 0 0 0.0 31.5 0.0 
1564032896899 114 62 0 0.00 0 0 0 0.0 31.5 0.0 
1564032897003 114 62 0 0.00 0 0 0 0.0 31.5 0.0 
1564032897108 114 62 0 0.00 0 0 0 0.0 31.5 0.0 
1564032897211 114 62 0 0.00 0 0 0 0.0 31.5 0.0 
1564032897315 114 62 0 0.00 0 0 0 0.0 31.5 0.0 
1564032897419 114 62 0 0.00 0 0 0 0.0 31.5 0.0 
1564032897522 114 62 0 0.00 0 0 0 0.0 31.5 0.0 
1564032897625 114 62 0 0.00 0 0 0 0.0 31.5 0.0 
1564032897730 114 62 0 0.00 0 0 0 0.0 31.5 0.0 
1564032897836 114 62 0 0.00 0 0 0 0.0 31.5 0.0 
1564032897940 114 62 0 0.00 0 0 0 0.0 31.5 0.0 
1564032898044 114 62 0 0.00 0 0 0 0.0 31.5 0.0 
1564032898147 114 62 0 0.00 0 0 0 0.0 31.5 0.0 
1564032898251 114 62 0 0.00 0 0 0 0.0 31.5 0.0 
1564032898354 114 62 0 0.00 0 0 0 0.0 31.5 0.0 
1564032898464 114 62 0 0.00 0 0 0 0.0 31.5 0.0 
1564032898569 114 62 0 0.00 0 0 0 0.0 30.4 0.0 
1564032898672 114 62 0 0.00 0 0 0 0.0 30.4 0.0 
1564032898776 114 62 0 0.00 0 0 0 0.0 30.4 0.0 
1564032898880 114 62 0 0.00 0 0 0 0.0 30.4 0.0 
1564032898984 114 62 0 0.00 0 0 0 0.0 30.4 0.0 
1564032899088 114 62 0 0.00 0 0 0 0.0 30.4 0.0 
1564032899191 114 62 0 0.00 0 0 0 0.0 30.4 0.0 
1564032899294 114 62 0 0.00 0 0 0 0.0 30.4 0.0 
1564032899398 114 62 0 0.00 0 0 0 0.0 30.4 0.0 
1564032899503 114 62 0 0.00 0 0 0 0.0 30.4 0.0 
1564032899607 114 62 0 0.00 0 0 0 0.0 30.4 0.0 
1564032899712 114 62 0 0.00 0 0 0 0.0 30.4 0.0 
1564032899815 114 62 0 0.00 0 0 0 0.0 30.4 0.0 
1564032899919 114 62 0 0.00 0 0 0 0.0 30.4 0.0 
1564032900022 114 62 0 0.00 0 0 0 0.0 30.4 0.0 
1564032900125 114 62 0 0.00 0 0 0 0.0 30.4 0.0 
1564032900229 114 62 0 0.00 0 0 0 0.0 30.4 0.0 
1564032900335 114 62 0 0.00 0 0 0 0.0 30.4 0.0 
1564032900440 114 62 0 0.00 0 0 0 0.0 30.4 0.0 
1564032900543 114 62 0 0.00 0 0 0 0.0 30.4 0.0 
