1564042872657 112 6 -11 0.00 0 0 0 23.3 33.1 13.0 
1564042872763 112 6 -11 0.00 0 0 0 23.3 33.1 13.0 
1564042872868 112 6 -11 0.00 0 0 0 22.8 33.1 13.0 
1564042872974 113 6 -11 0.00 0 0 0 23.3 33.1 13.0 
1564042873080 112 6 -11 0.00 0 0 0 23.3 33.1 13.0 
1564042873185 113 6 -11 0.00 0 0 0 23.3 33.1 13.0 
1564042873290 112 6 -11 0.00 0 0 0 23.3 33.1 13.0 
1564042873395 112 6 -11 0.00 0 0 0 23.3 33.1 13.0 
1564042873500 112 6 -11 0.00 0 0 0 23.3 33.1 13.0 
1564042873606 113 6 -11 0.00 0 0 0 23.3 33.1 13.0 
1564042873712 112 6 -11 0.00 0 0 0 23.3 33.1 13.0 
1564042873817 112 6 -11 0.00 0 0 0 23.3 30.4 13.0 
1564042873923 112 6 -11 0.00 0 0 0 23.3 30.4 13.0 
1564042874029 112 6 -11 0.00 0 0 0 23.3 30.4 13.0 
1564042874134 112 6 -11 0.00 0 0 0 23.3 30.4 13.0 
1564042874240 112 6 -11 0.00 0 0 0 23.3 30.4 13.0 
1564042874346 112 6 -11 0.00 0 0 0 23.3 30.4 13.0 
1564042874452 112 6 -11 0.00 0 0 0 23.3 30.4 13.0 
1564042874558 112 6 -11 0.00 0 0 0 23.3 30.4 13.0 
1564042874664 113 6 -11 0.00 0 0 0 23.3 30.4 13.0 
1564042874771 112 6 -11 0.00 0 0 0 23.3 30.4 13.0 
1564042874877 113 6 -11 0.00 0 0 0 23.3 30.4 13.0 
1564042874982 112 6 -11 0.00 0 0 0 23.3 30.4 13.0 
1564042875086 112 6 -11 0.00 0 0 0 23.3 30.4 13.0 
1564042875192 112 6 -11 0.00 0 0 0 23.3 30.4 13.0 
1564042875297 112 6 -11 0.00 0 0 0 23.3 30.4 13.0 
1564042875402 112 6 -11 0.00 0 0 0 23.3 30.4 13.0 
1564042875509 112 6 -11 0.00 0 0 0 23.3 30.4 13.0 
1564042875616 112 6 -11 0.00 0 0 0 23.3 30.4 13.0 
1564042875722 112 6 -11 0.00 0 0 0 23.3 30.4 13.0 
1564042875828 113 6 -11 0.00 0 0 0 23.3 30.4 13.0 
1564042875935 112 6 -11 0.00 0 0 0 23.3 30.4 13.0 
1564042876044 112 6 -11 0.00 0 0 0 23.3 30.4 13.0 
1564042876150 112 6 -11 0.00 0 0 0 23.3 30.4 13.0 
1564042876256 112 6 -11 0.00 0 0 0 23.3 30.4 13.0 
1564042876366 112 6 -11 0.00 0 0 0 23.3 30.4 13.0 
1564042876473 113 6 -11 0.00 0 0 0 23.3 30.4 13.0 
1564042876581 112 6 -11 0.00 0 0 0 23.3 30.4 13.0 
1564042876688 112 6 -11 0.00 0 0 0 23.3 30.4 13.0 
1564042876794 113 6 -11 0.00 0 0 0 23.3 32.6 13.0 
1564042876902 112 6 -11 0.00 0 0 0 23.3 32.6 13.0 
1564042877010 112 6 -11 0.00 0 0 0 23.3 32.6 13.0 
1564042877116 112 6 -11 0.00 0 0 0 23.3 32.6 13.0 
1564042877221 112 6 -11 0.00 0 0 0 23.3 32.6 13.0 
1564042877328 113 6 -11 0.00 0 0 0 23.3 32.6 13.0 
