1564042807272 0 0 0 0.00 0 0 0 0.0 0.0 0.0 
1564042807382 112 6 -11 0.00 0 0 0 23.3 0.0 0.0 
1564042807488 112 6 -11 0.00 0 0 0 22.8 0.0 13.0 
1564042807592 112 6 -11 0.00 0 0 0 22.8 0.0 13.0 
1564042807696 112 6 -11 0.00 0 0 0 22.8 0.0 13.0 
1564042807800 112 6 -11 0.00 0 0 0 22.8 0.0 13.0 
1564042807904 112 6 -11 0.00 0 0 0 22.8 0.0 13.0 
1564042808008 112 6 -11 0.00 0 0 0 22.8 0.0 13.0 
1564042808112 112 6 -11 0.00 0 0 0 22.8 0.0 13.0 
1564042808216 112 6 -11 0.00 0 0 0 22.8 0.0 13.0 
1564042808320 112 6 -11 0.00 0 0 0 22.8 0.0 13.0 
1564042808424 113 6 -11 0.00 0 0 0 22.8 0.0 13.0 
1564042808528 112 6 -11 0.00 0 0 0 22.8 0.0 13.0 
1564042808632 112 6 -11 0.00 0 0 0 22.8 0.0 13.0 
1564042808736 112 6 -11 0.00 0 0 0 22.8 0.0 13.0 
1564042808852 112 6 -11 0.00 0 0 0 22.8 0.0 13.0 
1564042808956 112 6 -11 0.00 0 0 0 22.8 0.0 13.0 
1564042809059 113 6 -11 0.00 0 0 0 22.8 0.0 13.0 
1564042809163 112 6 -11 0.00 0 0 0 22.8 0.0 13.0 
1564042809267 112 6 -11 0.00 0 0 0 22.8 0.0 13.0 
1564042809371 112 6 -11 0.00 0 0 0 22.8 0.0 13.0 
1564042809475 112 6 -11 0.00 0 0 0 22.8 0.0 13.0 
1564042809579 112 6 -11 0.00 0 0 0 22.8 0.0 13.0 
1564042809682 112 6 -11 0.00 0 0 0 22.8 0.0 13.0 
1564042809786 112 6 -11 0.00 0 0 0 22.8 0.0 13.0 
1564042809889 112 6 -11 0.00 0 0 0 22.8 0.0 13.0 
1564042809992 112 6 -11 0.00 0 0 0 22.8 0.0 13.0 
1564042810096 112 6 -11 0.00 0 0 0 22.8 0.0 13.0 
1564042810199 112 6 -11 0.00 0 0 0 22.8 0.0 13.0 
1564042810302 112 6 -11 0.00 0 0 0 22.8 26.1 13.0 
1564042810406 112 6 -11 0.00 0 0 0 22.8 26.1 13.0 
1564042810510 112 6 -11 0.00 0 0 0 22.8 26.1 13.0 
1564042810615 112 6 -11 0.00 0 0 0 22.8 26.1 13.0 
1564042810718 112 6 -11 0.00 0 0 0 22.8 26.1 13.0 
1564042810822 112 6 -11 0.00 0 0 0 22.8 26.1 13.0 
1564042810925 112 6 -11 0.00 0 0 0 22.8 26.1 13.0 
1564042811030 113 6 -11 0.00 0 0 0 22.8 26.1 13.0 
1564042811133 112 6 -11 0.00 0 0 0 22.8 26.1 13.0 
1564042811237 112 6 -11 0.00 0 0 0 22.8 26.1 13.0 
1564042811341 112 6 -11 0.00 0 0 0 22.8 26.1 13.0 
1564042811445 112 6 -11 0.00 0 0 0 22.8 26.1 13.0 
1564042811548 112 6 -11 0.00 0 0 0 22.8 26.1 13.0 
1564042811652 112 6 -11 0.00 0 0 0 22.8 26.1 13.0 
1564042811756 112 6 -11 0.00 0 0 0 22.8 26.1 13.0 
1564042811861 112 6 -11 0.00 0 0 0 22.8 26.1 13.0 
1564042811965 112 6 -11 0.00 0 0 0 22.8 26.1 13.0 
1564042812069 112 6 -11 0.00 0 0 0 22.8 26.1 13.0 
1564042812174 112 6 -11 0.00 0 0 0 22.8 26.1 13.0 
1564042812279 112 6 -11 0.00 0 0 0 22.8 26.1 13.0 
1564042812384 112 6 -11 0.00 0 0 0 22.8 26.1 13.0 
1564042812489 112 6 -11 0.00 0 0 0 22.8 26.1 13.0 
1564042812594 112 6 -11 0.00 0 0 0 22.8 26.1 13.0 
1564042812698 112 6 -11 0.00 0 0 0 22.8 26.1 13.0 
1564042812803 112 6 -11 0.00 0 0 0 22.8 26.1 13.0 
1564042812906 112 6 -11 0.00 0 0 0 22.8 26.1 13.0 
1564042813012 112 6 -11 0.00 0 0 0 22.8 26.1 13.0 
1564042813117 112 6 -11 0.00 0 0 0 22.8 26.1 13.0 
1564042813223 112 6 -11 0.00 0 0 0 22.8 26.1 13.0 
1564042813327 113 6 -11 0.00 0 0 0 22.8 28.2 13.0 
1564042813430 113 6 -11 0.00 0 0 0 22.8 28.2 13.0 
1564042813534 112 6 -11 0.00 0 0 0 22.8 28.2 13.0 
1564042813639 112 6 -11 0.00 0 0 0 22.8 28.2 13.0 
1564042813744 112 6 -11 0.00 0 0 0 22.8 28.2 13.0 
1564042813848 112 6 -11 0.00 0 0 0 22.8 28.2 13.0 
1564042813953 112 6 -11 0.00 0 0 0 22.8 28.2 13.0 
1564042814058 112 6 -11 0.00 0 0 0 22.8 28.2 13.0 
1564042814162 112 6 -11 0.00 0 0 0 23.3 28.2 13.0 
1564042814266 112 6 -11 0.00 0 0 0 23.3 28.2 13.0 
1564042814371 112 6 -11 0.00 0 0 0 23.3 28.2 13.0 
1564042814476 112 6 -11 0.00 0 0 0 23.3 28.2 13.0 
1564042814581 112 6 -11 0.00 0 0 0 23.3 28.2 13.0 
1564042814685 112 6 -11 0.00 0 0 0 23.3 28.2 13.0 
1564042814790 112 6 -11 0.00 0 0 0 23.3 28.2 13.0 
1564042814895 112 6 -11 0.00 0 0 0 23.3 28.2 13.0 
1564042814999 112 6 -11 0.00 0 0 0 23.3 28.2 13.0 
1564042815104 112 6 -11 0.00 0 0 0 23.3 28.2 13.0 
1564042815209 112 6 -11 0.00 0 0 0 23.3 28.2 13.0 
1564042815314 112 6 -11 0.00 0 0 0 22.5 28.2 13.0 
1564042815419 112 6 -11 0.00 0 0 0 23.0 28.2 13.0 
1564042815524 112 6 -11 0.00 0 0 0 23.0 28.2 13.0 
1564042815629 112 6 -11 0.00 0 0 0 23.0 28.2 13.0 
1564042815733 113 6 -11 0.00 0 0 0 23.0 28.2 13.0 
1564042815838 112 6 -11 0.00 0 0 0 23.0 28.2 13.0 
1564042815944 112 6 -11 0.00 0 0 0 23.0 28.2 13.0 
1564042816049 112 6 -11 0.00 0 0 0 23.0 28.2 13.0 
1564042816154 112 6 -11 0.00 0 0 0 23.0 28.2 13.0 
1564042816259 112 6 -11 0.00 0 0 0 23.0 28.2 13.0 
1564042816366 112 6 -11 0.00 0 0 0 23.0 29.3 13.0 
1564042816471 112 6 -11 0.00 0 0 0 23.0 29.3 13.0 
1564042816577 112 6 -11 0.00 0 0 0 23.0 29.3 13.0 
1564042816682 112 6 -11 0.00 0 0 0 23.0 29.3 13.0 
1564042816786 112 6 -11 0.00 0 0 0 23.0 29.3 13.0 
1564042816890 111 6 -11 0.00 0 0 0 23.0 29.3 13.0 
1564042816995 112 6 -11 0.00 0 0 0 23.0 29.3 13.0 
1564042817099 112 6 -11 0.00 0 0 0 23.0 29.3 13.0 
1564042817205 112 6 -11 0.00 0 0 0 23.0 29.3 13.0 
1564042817311 112 6 -11 0.00 0 0 0 23.0 29.3 13.0 
1564042817416 112 6 -11 0.00 0 0 0 23.0 29.3 13.0 
1564042817521 112 6 -11 0.00 0 0 0 23.0 29.3 13.0 
1564042817625 112 6 -11 0.00 0 0 0 23.0 29.3 13.0 
1564042817730 112 6 -11 0.00 0 0 0 23.0 29.3 13.0 
1564042817835 112 6 -11 0.00 0 0 0 23.0 29.3 13.0 
1564042817940 112 6 -11 0.00 0 0 0 23.0 29.3 13.0 
1564042818045 112 6 -11 0.00 0 0 0 23.0 29.3 13.0 
1564042818150 112 6 -11 0.00 0 0 0 23.0 29.3 13.0 
1564042818255 112 6 -11 0.00 0 0 0 23.0 29.3 13.0 
1564042818359 112 6 -11 0.00 0 0 0 23.0 29.3 13.0 
1564042818464 112 6 -11 0.00 0 0 0 23.0 29.3 13.0 
1564042818569 112 6 -11 0.00 0 0 0 23.0 29.3 13.0 
1564042818674 112 6 -11 0.00 0 0 0 23.0 29.3 13.0 
1564042818779 112 6 -11 0.00 0 0 0 23.0 29.3 13.0 
1564042818884 112 6 -11 0.00 0 0 0 23.0 29.3 13.0 
1564042818989 112 6 -11 0.00 0 0 0 23.0 29.3 13.0 
1564042819094 112 6 -11 0.00 0 0 0 23.0 29.3 13.0 
1564042819198 112 6 -11 0.00 0 0 0 23.0 29.3 13.0 
1564042819317 112 6 -11 0.00 0 0 0 23.0 29.3 13.0 
1564042819421 112 6 -11 0.00 0 0 0 23.0 29.3 13.0 
1564042819526 112 6 -11 0.00 0 0 0 23.0 29.3 13.0 
1564042819631 112 6 -11 0.00 0 0 0 23.0 29.3 13.0 
1564042819736 112 6 -11 0.00 0 0 0 23.0 29.3 13.0 
1564042819841 112 6 -11 0.00 0 0 0 23.0 29.3 13.0 
1564042819945 112 6 -11 0.00 0 0 0 23.0 29.3 13.0 
1564042820050 112 6 -11 0.00 0 0 0 23.0 29.3 13.0 
1564042820154 112 6 -11 0.00 0 0 0 23.0 29.3 13.0 
1564042820259 112 6 -11 0.00 0 0 0 23.0 29.3 13.0 
1564042820364 112 6 -11 0.00 0 0 0 23.0 29.3 13.0 
1564042820468 112 6 -11 0.00 0 0 0 23.0 29.3 13.0 
1564042820574 112 6 -11 0.00 0 0 0 23.0 29.3 13.0 
1564042820679 113 6 -11 0.00 0 0 0 23.0 29.3 13.0 
1564042820782 112 6 -11 0.00 0 0 0 23.0 29.3 13.0 
1564042820887 112 6 -11 0.00 0 0 0 23.0 29.3 13.0 
1564042820991 112 6 -11 0.00 0 0 0 23.0 29.3 13.0 
1564042821096 112 6 -11 0.00 0 0 0 23.0 29.3 13.0 
1564042821201 112 6 -11 0.00 0 0 0 23.0 29.3 13.0 
1564042821306 112 6 -11 0.00 0 0 0 23.0 29.3 13.0 
1564042821412 112 6 -11 0.00 0 0 0 23.0 29.3 13.0 
1564042821517 113 6 -11 0.00 0 0 0 23.0 29.3 13.0 
1564042821622 112 6 -11 0.00 0 0 0 23.0 29.3 13.0 
1564042821727 112 6 -11 0.00 0 0 0 23.0 29.3 13.0 
1564042821831 112 6 -11 0.00 0 0 0 23.0 29.3 13.0 
1564042821935 112 6 -11 0.00 0 0 0 23.0 29.3 13.0 
1564042822039 112 6 -11 0.00 0 0 0 23.0 29.3 13.0 
1564042822145 112 6 -11 0.00 0 0 0 23.0 29.3 13.0 
1564042822250 112 6 -11 0.00 0 0 0 23.0 29.3 13.0 
1564042822355 112 6 -11 0.00 0 0 0 23.0 29.3 13.0 
1564042822460 112 6 -11 0.00 0 0 0 23.0 29.9 13.0 
1564042822565 112 6 -11 0.00 0 0 0 23.0 29.9 13.0 
1564042822669 112 6 -11 0.00 0 0 0 23.0 29.9 13.0 
1564042822774 112 6 -11 0.00 0 0 0 23.0 29.9 13.0 
1564042822879 112 6 -11 0.00 0 0 0 23.0 29.9 13.0 
1564042822984 112 6 -11 0.00 0 0 0 23.0 29.9 13.0 
1564042823089 112 6 -11 0.00 0 0 0 23.0 29.9 13.0 
1564042823194 112 6 -11 0.00 0 0 0 23.0 29.9 13.0 
1564042823298 112 6 -11 0.00 0 0 0 23.0 29.9 13.0 
1564042823403 112 6 -11 0.00 0 0 0 23.0 29.9 13.0 
1564042823508 112 6 -11 0.00 0 0 0 23.0 29.9 13.0 
1564042823612 112 6 -11 0.00 0 0 0 23.0 29.9 13.0 
1564042823717 112 6 -11 0.00 0 0 0 23.0 29.9 13.0 
1564042823823 112 6 -11 0.00 0 0 0 23.0 29.9 13.0 
1564042823928 112 6 -11 0.00 0 0 0 23.0 29.9 13.0 
1564042824032 112 6 -11 0.00 0 0 0 23.0 29.9 13.0 
1564042824137 112 6 -11 0.00 0 0 0 23.0 29.9 13.0 
1564042824243 112 6 -11 0.00 0 0 0 23.0 29.9 13.0 
1564042824348 112 6 -11 0.00 0 0 0 23.0 29.9 13.0 
1564042824451 112 6 -11 0.00 0 0 0 23.0 29.9 13.0 
1564042824556 112 6 -11 0.00 0 0 0 23.0 29.9 13.0 
1564042824661 112 6 -11 0.00 0 0 0 23.0 29.9 13.0 
1564042824765 112 6 -11 0.00 0 0 0 23.0 29.9 13.0 
1564042824870 112 6 -11 0.00 0 0 0 23.0 29.9 13.0 
1564042824975 112 6 -11 0.00 0 0 0 23.0 29.9 13.0 
1564042825079 112 6 -11 0.00 0 0 0 23.0 29.9 13.0 
1564042825184 112 6 -11 0.00 0 0 0 23.0 29.9 13.0 
1564042825289 112 6 -11 0.00 0 0 0 23.0 29.9 13.0 
1564042825393 112 6 -11 0.00 0 0 0 23.0 29.3 13.0 
1564042825498 112 6 -11 0.00 0 0 0 23.0 29.3 13.0 
1564042825603 112 6 -11 0.00 0 0 0 23.0 29.3 13.0 
1564042825709 112 6 -11 0.00 0 0 0 23.0 29.3 13.0 
1564042825814 112 6 -11 0.00 0 0 0 23.0 29.3 13.0 
1564042825919 112 6 -11 0.00 0 0 0 23.0 29.3 13.0 
1564042826023 112 6 -11 0.00 0 0 0 23.0 29.3 13.0 
1564042826128 112 6 -11 0.00 0 0 0 23.0 29.3 13.0 
1564042826231 112 6 -11 0.00 0 0 0 23.0 29.3 13.0 
1564042826336 112 6 -11 0.00 0 0 0 23.0 29.3 13.0 
1564042826442 112 7 -12 0.00 0 0 0 23.0 29.3 13.0 
1564042826547 112 6 -11 0.00 0 0 0 23.0 29.3 13.0 
1564042826651 112 6 -11 0.00 0 0 0 23.0 29.3 13.0 
1564042826756 112 6 -11 0.00 0 0 0 23.0 29.3 13.0 
1564042826861 112 6 -11 0.00 0 0 0 23.0 29.3 13.0 
1564042826966 112 6 -11 0.00 0 0 0 23.0 29.3 13.0 
1564042827072 112 6 -11 0.00 0 0 0 23.0 29.3 13.0 
1564042827177 113 6 -11 0.00 0 0 0 23.0 29.3 13.0 
1564042827282 112 6 -11 0.00 0 0 0 23.0 29.3 13.0 
1564042827387 112 6 -11 0.00 0 0 0 23.0 29.3 13.0 
1564042827492 112 6 -11 0.00 0 0 0 23.0 29.3 13.0 
1564042827597 112 6 -11 0.00 0 0 0 23.0 29.3 13.0 
1564042827703 112 6 -11 0.00 0 0 0 23.0 29.3 13.0 
1564042827810 112 6 -11 0.00 0 0 0 23.0 29.3 13.0 
1564042827915 112 6 -11 0.00 0 0 0 23.0 29.3 13.0 
1564042828019 113 6 -11 0.00 0 0 0 23.0 29.3 13.0 
1564042828124 112 6 -11 0.00 0 0 0 23.0 29.3 13.0 
1564042828229 112 6 -11 0.00 0 0 0 23.0 29.3 13.0 
1564042828334 112 6 -11 0.00 0 0 0 23.0 29.3 13.0 
1564042828440 113 6 -11 0.00 0 0 0 23.0 29.3 13.0 
1564042828545 112 6 -11 0.00 0 0 0 23.0 30.4 13.0 
1564042828650 112 6 -11 0.00 0 0 0 23.0 30.4 13.0 
1564042828755 112 6 -11 0.00 0 0 0 23.0 30.4 13.0 
1564042828859 112 6 -11 0.00 0 0 0 23.0 30.4 13.0 
1564042828964 112 6 -11 0.00 0 0 0 23.0 30.4 13.0 
1564042829068 112 6 -11 0.00 0 0 0 23.0 30.4 13.0 
1564042829173 112 6 -11 0.00 0 0 0 23.0 30.4 13.0 
1564042829278 112 6 -11 0.00 0 0 0 23.0 30.4 13.0 
1564042829382 112 6 -11 0.00 0 0 0 23.0 30.4 13.0 
1564042829487 113 6 -11 0.00 0 0 0 23.0 30.4 13.0 
1564042829591 112 6 -11 0.00 0 0 0 23.0 30.4 13.0 
1564042829696 112 6 -11 0.00 0 0 0 23.0 30.4 13.0 
1564042829800 112 6 -11 0.00 0 0 0 23.0 30.4 13.0 
1564042829905 112 6 -11 0.00 0 0 0 23.0 30.4 13.0 
1564042830010 112 6 -11 0.00 0 0 0 23.0 30.4 13.0 
1564042830115 112 6 -11 0.00 0 0 0 23.0 30.4 13.0 
1564042830220 112 6 -11 0.00 0 0 0 23.0 30.4 13.0 
1564042830325 112 6 -11 0.00 0 0 0 23.0 30.4 13.0 
1564042830430 112 6 -11 0.00 0 0 0 23.0 30.4 13.0 
1564042830537 112 6 -11 0.00 0 0 0 23.0 30.4 13.0 
1564042830643 112 6 -11 0.00 0 0 0 23.0 30.4 13.0 
1564042830748 112 6 -11 0.00 0 0 0 23.0 30.4 13.0 
1564042830853 113 6 -11 0.00 0 0 0 23.0 30.4 13.0 
1564042830958 113 6 -11 0.00 0 0 0 23.0 30.4 13.0 
1564042831063 112 6 -11 0.00 0 0 0 23.0 30.4 13.0 
1564042831168 113 6 -11 0.00 0 0 0 23.0 30.4 13.0 
1564042831274 113 6 -11 0.00 0 0 0 23.0 30.4 13.0 
1564042831378 112 6 -11 0.00 0 0 0 23.0 30.4 13.0 
1564042831482 113 6 -11 0.00 0 0 0 23.0 30.9 13.0 
1564042831587 112 6 -11 0.00 0 0 0 23.0 30.9 13.0 
1564042831691 112 6 -11 0.00 0 0 0 23.0 30.9 13.0 
1564042831796 113 6 -11 0.00 0 0 0 23.0 30.9 13.0 
1564042831900 112 6 -11 0.00 0 0 0 23.0 30.9 13.0 
1564042832006 112 6 -11 0.00 0 0 0 23.0 30.9 13.0 
1564042832111 112 6 -11 0.00 0 0 0 23.0 30.9 13.0 
1564042832217 112 6 -11 0.00 0 0 0 23.0 30.9 13.0 
1564042832322 112 6 -11 0.00 0 0 0 23.0 30.9 13.0 
1564042832426 112 6 -11 0.00 0 0 0 23.0 30.9 13.0 
1564042832531 112 6 -11 0.00 0 0 0 23.0 30.9 13.0 
1564042832635 112 6 -11 0.00 0 0 0 23.0 30.9 13.0 
1564042832740 113 6 -11 0.00 0 0 0 23.0 30.9 13.0 
1564042832844 113 6 -11 0.00 0 0 0 23.0 30.9 13.0 
1564042832949 112 6 -11 0.00 0 0 0 23.0 30.9 13.0 
1564042833053 112 6 -11 0.00 0 0 0 23.0 30.9 13.0 
1564042833157 113 6 -11 0.00 0 0 0 23.0 30.9 13.0 
1564042833262 113 6 -11 0.00 0 0 0 23.0 30.9 13.0 
1564042833365 112 6 -11 0.00 0 0 0 23.0 30.9 13.0 
1564042833469 113 6 -11 0.00 0 0 0 23.0 30.9 13.0 
1564042833574 112 6 -11 0.00 0 0 0 23.0 30.9 13.0 
1564042833679 112 6 -11 0.00 0 0 0 23.0 30.9 13.0 
1564042833783 113 6 -11 0.00 0 0 0 23.0 30.9 13.0 
1564042833887 112 6 -11 0.00 0 0 0 23.0 30.9 13.0 
1564042833992 113 6 -11 0.00 0 0 0 22.5 30.9 13.0 
1564042834096 112 6 -11 0.00 0 0 0 23.0 30.9 13.0 
1564042834200 112 6 -11 0.00 0 0 0 23.5 30.9 13.0 
1564042834306 112 6 -11 0.00 0 0 0 23.0 30.9 13.0 
1564042834428 113 6 -11 0.00 0 0 0 23.0 30.9 13.0 
1564042834533 112 6 -11 0.00 0 0 0 23.0 30.4 13.0 
1564042834638 112 6 -11 0.00 0 0 0 23.0 30.4 13.0 
1564042834743 112 6 -11 0.00 0 0 0 23.0 30.4 13.0 
1564042834848 112 6 -11 0.00 0 0 0 23.0 30.4 13.0 
1564042834952 113 6 -11 0.00 0 0 0 23.0 30.4 13.0 
1564042835057 112 6 -11 0.00 0 0 0 23.0 30.4 13.0 
1564042835162 112 6 -11 0.00 0 0 0 23.0 30.4 13.0 
1564042835266 112 6 -11 0.00 0 0 0 23.0 30.4 13.0 
1564042835371 113 6 -11 0.00 0 0 0 23.0 30.4 13.0 
1564042835476 112 6 -11 0.00 0 0 0 23.0 30.4 13.0 
1564042835580 113 6 -11 0.00 0 0 0 23.0 30.4 13.0 
1564042835685 112 6 -11 0.00 0 0 0 23.0 30.4 13.0 
1564042835788 112 6 -11 0.00 0 0 0 23.0 30.4 13.0 
1564042835892 113 6 -11 0.00 0 0 0 23.0 30.4 13.0 
1564042835997 112 6 -11 0.00 0 0 0 23.0 30.4 13.0 
1564042836101 112 6 -11 0.00 0 0 0 23.0 30.4 13.0 
1564042836206 112 6 -11 0.00 0 0 0 23.0 30.4 13.0 
1564042836312 112 6 -11 0.00 0 0 0 23.0 30.4 13.0 
1564042836417 113 6 -11 0.00 0 0 0 23.0 30.4 13.0 
1564042836521 112 6 -11 0.00 0 0 0 23.0 30.4 13.0 
1564042836626 112 6 -11 0.00 0 0 0 23.5 30.4 13.0 
1564042836730 112 6 -11 0.00 0 0 0 23.0 30.4 13.0 
1564042836835 113 6 -11 0.00 0 0 0 23.0 30.4 13.0 
1564042836940 112 6 -11 0.00 0 0 0 23.0 30.4 13.0 
1564042837045 112 6 -11 0.00 0 0 0 23.0 30.4 13.0 
1564042837150 113 6 -11 0.00 0 0 0 23.0 30.4 13.0 
1564042837255 112 6 -11 0.00 0 0 0 23.0 30.4 13.0 
1564042837359 112 6 -11 0.00 0 0 0 23.0 30.4 13.0 
1564042837464 112 6 -11 0.00 0 0 0 23.0 31.5 13.0 
1564042837570 112 6 -11 0.00 0 0 0 23.0 31.5 13.0 
1564042837675 112 6 -11 0.00 0 0 0 23.0 31.5 13.0 
1564042837780 112 6 -11 0.00 0 0 0 23.0 31.5 13.0 
1564042837884 112 6 -11 0.00 0 0 0 23.0 31.5 13.0 
1564042837988 112 6 -11 0.00 0 0 0 23.0 31.5 13.0 
1564042838092 113 6 -11 0.00 0 0 0 23.0 31.5 13.0 
1564042838196 112 6 -11 0.00 0 0 0 23.0 31.5 13.0 
1564042838301 112 6 -11 0.00 0 0 0 23.0 31.5 13.0 
1564042838407 112 6 -11 0.00 0 0 0 23.0 31.5 13.0 
1564042838512 112 6 -11 0.00 0 0 0 23.0 31.5 13.0 
1564042838617 112 6 -11 0.00 0 0 0 23.0 31.5 13.0 
1564042838722 113 6 -11 0.00 0 0 0 23.0 31.5 13.0 
1564042838825 112 6 -11 0.00 0 0 0 23.0 31.5 13.0 
1564042838930 113 6 -11 0.00 0 0 0 23.0 31.5 13.0 
1564042839035 112 6 -11 0.00 0 0 0 23.0 31.5 13.0 
1564042839140 112 6 -11 0.00 0 0 0 23.0 31.5 13.0 
1564042839246 112 6 -11 0.00 0 0 0 23.0 31.5 13.0 
1564042839351 112 6 -11 0.00 0 0 0 23.0 31.5 13.0 
1564042839455 112 6 -11 0.00 0 0 0 23.0 31.5 13.0 
1564042839560 112 6 -11 0.00 0 0 0 23.0 31.5 13.0 
1564042839665 112 6 -11 0.00 0 0 0 23.0 31.5 13.0 
1564042839771 112 6 -11 0.00 0 0 0 23.0 31.5 13.0 
1564042839876 113 6 -11 0.00 0 0 0 23.0 31.5 13.0 
1564042839981 113 6 -11 0.00 0 0 0 23.0 31.5 13.0 
1564042840086 112 6 -11 0.00 0 0 0 23.0 31.5 13.0 
1564042840190 112 6 -11 0.00 0 0 0 23.0 31.5 13.0 
1564042840293 113 6 -11 0.00 0 0 0 23.0 31.5 13.0 
1564042840397 112 6 -11 0.00 0 0 0 23.0 31.5 13.0 
1564042840502 112 6 -11 0.00 0 0 0 23.0 32.0 13.0 
1564042840607 112 6 -11 0.00 0 0 0 23.0 32.0 13.0 
1564042840711 112 6 -11 0.00 0 0 0 23.5 32.0 13.0 
1564042840816 112 6 -11 0.00 0 0 0 23.5 32.0 13.0 
1564042840920 112 6 -11 0.00 0 0 0 23.5 32.0 13.0 
1564042841024 112 6 -11 0.00 0 0 0 23.0 32.0 13.0 
1564042841129 113 6 -11 0.00 0 0 0 23.0 32.0 13.0 
1564042841234 112 6 -11 0.00 0 0 0 23.0 32.0 13.0 
1564042841339 112 6 -11 0.00 0 0 0 23.0 32.0 13.0 
1564042841443 112 6 -11 0.00 0 0 0 23.5 32.0 13.0 
1564042841548 112 6 -11 0.00 0 0 0 23.5 32.0 13.0 
1564042841653 112 6 -11 0.00 0 0 0 23.5 32.0 13.0 
1564042841758 112 6 -11 0.00 0 0 0 23.5 32.0 13.0 
1564042841863 112 6 -11 0.00 0 0 0 23.5 32.0 13.0 
1564042841968 112 6 -11 0.00 0 0 0 23.5 32.0 13.0 
1564042842072 113 6 -11 0.00 0 0 0 23.5 32.0 13.0 
1564042842177 112 6 -11 0.00 0 0 0 23.0 32.0 13.0 
1564042842283 112 6 -11 0.00 0 0 0 23.0 32.0 13.0 
1564042842387 112 6 -11 0.00 0 0 0 23.0 32.0 13.0 
1564042842491 113 6 -11 0.00 0 0 0 23.0 32.0 13.0 
1564042842596 113 6 -11 0.00 0 0 0 23.0 32.0 13.0 
1564042842702 112 6 -11 0.00 0 0 0 23.0 32.0 13.0 
1564042842807 112 6 -11 0.00 0 0 0 23.0 32.0 13.0 
1564042842911 113 6 -11 0.00 0 0 0 23.0 32.0 13.0 
1564042843016 113 6 -11 0.00 0 0 0 23.0 32.0 13.0 
1564042843121 112 6 -11 0.00 0 0 0 23.0 32.0 13.0 
1564042843226 113 6 -11 0.00 0 0 0 23.0 32.0 13.0 
1564042843330 112 6 -11 0.00 0 0 0 23.0 32.0 13.0 
1564042843435 112 6 -11 0.00 0 0 0 23.0 32.0 13.0 
1564042843541 112 6 -11 0.00 0 0 0 23.0 31.5 13.0 
1564042843646 113 6 -11 0.00 0 0 0 23.0 31.5 13.0 
1564042843751 112 6 -11 0.00 0 0 0 23.0 31.5 13.0 
1564042843856 112 6 -11 0.00 0 0 0 23.0 31.5 13.0 
1564042843960 112 6 -11 0.00 0 0 0 23.0 31.5 13.0 
1564042844065 112 6 -11 0.00 0 0 0 23.0 31.5 13.0 
1564042844170 113 6 -11 0.00 0 0 0 23.0 31.5 13.0 
1564042844275 112 6 -11 0.00 0 0 0 23.0 31.5 13.0 
1564042844379 112 6 -11 0.00 0 0 0 23.0 31.5 13.0 
1564042844483 112 6 -11 0.00 0 0 0 23.0 31.5 13.0 
1564042844587 113 6 -11 0.00 0 0 0 23.0 31.5 13.0 
1564042844692 112 6 -11 0.00 0 0 0 23.0 31.5 13.0 
1564042844797 113 6 -11 0.00 0 0 0 23.0 31.5 13.0 
1564042844901 112 6 -11 0.00 0 0 0 23.0 31.5 13.0 
1564042845005 112 6 -11 0.00 0 0 0 23.0 31.5 13.0 
1564042845111 112 6 -11 0.00 0 0 0 23.0 31.5 13.0 
1564042845216 112 6 -11 0.00 0 0 0 23.0 31.5 13.0 
1564042845321 113 6 -11 0.00 0 0 0 23.0 31.5 13.0 
1564042845426 112 6 -11 0.00 0 0 0 23.0 31.5 13.0 
1564042845530 112 6 -11 0.00 0 0 0 23.0 31.5 13.0 
1564042845635 112 6 -11 0.00 0 0 0 23.0 31.5 13.0 
1564042845740 112 6 -11 0.00 0 0 0 23.0 31.5 13.0 
1564042845845 113 6 -11 0.00 0 0 0 23.0 31.5 13.0 
1564042845950 112 6 -11 0.00 0 0 0 23.0 31.5 13.0 
1564042846055 113 6 -11 0.00 0 0 0 23.0 31.5 13.0 
1564042846159 112 6 -11 0.00 0 0 0 23.0 31.5 13.0 
1564042846263 112 6 -11 0.00 0 0 0 23.0 31.5 13.0 
1564042846369 113 6 -11 0.00 0 0 0 23.0 31.5 13.0 
1564042846474 112 6 -11 0.00 0 0 0 23.0 31.5 13.0 
1564042846580 112 6 -11 0.00 0 0 0 23.0 31.5 13.0 
1564042846684 112 6 -11 0.00 0 0 0 23.0 31.5 13.0 
1564042846790 112 6 -11 0.00 0 0 0 23.0 31.5 13.0 
1564042846894 112 6 -11 0.00 0 0 0 23.0 31.5 13.0 
1564042846999 112 6 -11 0.00 0 0 0 23.0 31.5 13.0 
1564042847104 112 6 -11 0.00 0 0 0 23.0 31.5 13.0 
1564042847209 112 6 -11 0.00 0 0 0 23.0 31.5 13.0 
1564042847313 112 6 -11 0.00 0 0 0 23.0 31.5 13.0 
1564042847417 112 6 -11 0.00 0 0 0 23.0 31.5 13.0 
1564042847522 113 6 -11 0.00 0 0 0 23.0 31.5 13.0 
1564042847627 112 6 -11 0.00 0 0 0 23.0 31.5 13.0 
1564042847731 112 6 -11 0.00 0 0 0 23.0 31.5 13.0 
1564042847836 112 6 -11 0.00 0 0 0 23.0 31.5 13.0 
1564042847942 112 6 -11 0.00 0 0 0 23.0 31.5 13.0 
1564042848047 113 6 -11 0.00 0 0 0 23.0 31.5 13.0 
1564042848151 112 6 -11 0.00 0 0 0 23.0 31.5 13.0 
1564042848256 112 6 -11 0.00 0 0 0 23.0 31.5 13.0 
1564042848360 112 6 -11 0.00 0 0 0 23.0 31.5 13.0 
1564042848465 112 6 -11 0.00 0 0 0 23.0 31.5 13.0 
1564042848570 113 6 -11 0.00 0 0 0 23.0 31.5 13.0 
1564042848676 112 6 -11 0.00 0 0 0 23.0 31.5 13.0 
1564042848781 112 6 -11 0.00 0 0 0 23.0 31.5 13.0 
1564042848885 113 6 -11 0.00 0 0 0 23.0 31.5 13.0 
1564042849088 113 6 -11 0.00 0 0 0 23.0 31.5 13.0 
1564042849193 113 6 -11 0.00 0 0 0 23.0 31.5 13.0 
1564042849298 113 6 -11 0.00 0 0 0 23.0 31.5 13.0 
1564042849402 112 6 -11 0.00 0 0 0 23.0 31.5 13.0 
1564042849506 113 6 -11 0.00 0 0 0 23.0 31.5 13.0 
1564042849611 112 6 -11 0.00 0 0 0 23.0 32.6 13.0 
1564042849717 112 6 -11 0.00 0 0 0 23.0 32.6 13.0 
1564042849820 113 6 -11 0.00 0 0 0 23.0 32.6 13.0 
1564042849925 112 6 -11 0.00 0 0 0 23.0 32.6 13.0 
1564042850030 112 6 -11 0.00 0 0 0 23.0 32.6 13.0 
1564042850135 112 6 -11 0.00 0 0 0 23.0 32.6 13.0 
1564042850241 112 6 -11 0.00 0 0 0 23.0 32.6 13.0 
1564042850346 112 6 -11 0.00 0 0 0 23.0 32.6 13.0 
1564042850449 112 6 -11 0.00 0 0 0 23.0 32.6 13.0 
1564042850559 113 6 -11 0.00 0 0 0 23.0 32.6 13.0 
1564042850663 112 6 -11 0.00 0 0 0 23.0 32.6 13.0 
1564042850769 113 6 -11 0.00 0 0 0 23.0 32.6 13.0 
1564042850874 112 6 -11 0.00 0 0 0 23.0 32.6 13.0 
1564042850980 112 6 -11 0.00 0 0 0 23.0 32.6 13.0 
1564042851084 112 6 -11 0.00 0 0 0 23.0 32.6 13.0 
1564042851189 112 6 -11 0.00 0 0 0 23.0 32.6 13.0 
1564042851294 112 6 -11 0.00 0 0 0 23.0 32.6 13.0 
1564042851400 113 6 -11 0.00 0 0 0 23.0 32.6 13.0 
1564042851507 112 6 -11 0.00 0 0 0 23.0 32.6 13.0 
1564042851613 113 6 -11 0.00 0 0 0 23.0 32.6 13.0 
1564042851719 113 6 -11 0.00 0 0 0 23.0 32.6 13.0 
1564042851825 113 6 -11 0.00 0 0 0 23.0 32.6 13.0 
1564042851966 113 6 -11 0.00 0 0 0 23.0 32.6 13.0 
1564042852115 112 6 -11 0.00 0 0 0 23.0 32.6 13.0 
1564042852222 112 6 -11 0.00 0 0 0 23.0 32.6 13.0 
1564042852327 112 6 -11 0.00 0 0 0 23.0 32.6 13.0 
1564042852432 112 6 -11 0.00 0 0 0 23.0 32.6 13.0 
1564042852538 112 6 -11 0.00 0 0 0 23.0 32.6 13.0 
1564042852644 112 6 -11 0.00 0 0 0 23.0 33.1 13.0 
1564042852751 112 6 -11 0.00 0 0 0 23.0 33.1 13.0 
1564042852857 112 6 -11 0.00 0 0 0 23.0 33.1 13.0 
1564042852965 113 6 -11 0.00 0 0 0 23.0 33.1 13.0 
1564042853071 113 6 -11 0.00 0 0 0 23.0 33.1 13.0 
1564042853177 112 6 -11 0.00 0 0 0 23.0 33.1 13.0 
1564042853283 112 6 -11 0.00 0 0 0 23.0 33.1 13.0 
1564042853390 112 6 -11 0.00 0 0 0 23.0 33.1 13.0 
1564042853497 112 6 -11 0.00 0 0 0 23.0 33.1 13.0 
1564042853605 112 6 -11 0.00 0 0 0 23.0 33.1 13.0 
1564042853711 113 6 -11 0.00 0 0 0 23.0 33.1 13.0 
1564042853817 113 6 -11 0.00 0 0 0 23.0 33.1 13.0 
1564042853923 112 6 -11 0.00 0 0 0 23.0 33.1 13.0 
1564042854029 113 6 -11 0.00 0 0 0 23.0 33.1 13.0 
1564042854136 112 6 -11 0.00 0 0 0 23.0 33.1 13.0 
1564042854243 112 6 -11 0.00 0 0 0 23.0 33.1 13.0 
1564042854349 112 6 -11 0.00 0 0 0 23.0 33.1 13.0 
1564042854455 112 6 -11 0.00 0 0 0 23.0 33.1 13.0 
1564042854561 112 6 -11 0.00 0 0 0 23.0 33.1 13.0 
1564042854669 113 6 -11 0.00 0 0 0 23.0 33.1 13.0 
1564042854776 112 6 -11 0.00 0 0 0 23.0 33.1 13.0 
1564042854882 112 6 -11 0.00 0 0 0 23.0 33.1 13.0 
1564042854987 113 6 -11 0.00 0 0 0 23.0 33.1 13.0 
1564042855094 112 6 -11 0.00 0 0 0 23.0 33.1 13.0 
1564042855201 112 6 -11 0.00 0 0 0 23.0 33.1 13.0 
1564042855308 113 6 -11 0.00 0 0 0 23.0 33.1 13.0 
1564042855414 112 6 -11 0.00 0 0 0 23.0 33.1 13.0 
1564042855520 112 6 -11 0.00 0 0 0 23.0 33.1 13.0 
1564042855627 112 6 -11 0.00 0 0 0 23.0 32.6 13.0 
1564042855733 112 6 -11 0.00 0 0 0 23.0 32.6 13.0 
1564042855843 112 6 -11 0.00 0 0 0 23.0 32.6 13.0 
1564042855950 113 6 -11 0.00 0 0 0 23.0 32.6 13.0 
1564042856056 112 6 -11 0.00 0 0 0 23.0 32.6 13.0 
1564042856163 112 6 -11 0.00 0 0 0 23.0 32.6 13.0 
1564042856270 112 6 -11 0.00 0 0 0 23.0 32.6 13.0 
1564042856378 112 6 -11 0.00 0 0 0 23.0 32.6 13.0 
1564042856484 112 6 -11 0.00 0 0 0 23.0 32.6 13.0 
1564042856590 112 6 -11 0.00 0 0 0 23.0 32.6 13.0 
1564042856697 112 6 -11 0.00 0 0 0 23.0 32.6 13.0 
1564042856805 112 6 -11 0.00 0 0 0 23.0 32.6 13.0 
1564042856913 112 6 -11 0.00 0 0 0 23.0 32.6 13.0 
1564042857019 113 6 -11 0.00 0 0 0 23.0 32.6 13.0 
1564042857125 113 6 -11 0.00 0 0 0 23.0 32.6 13.0 
1564042857234 112 6 -11 0.00 0 0 0 23.0 32.6 13.0 
1564042857341 113 6 -11 0.00 0 0 0 23.0 32.6 13.0 
1564042857447 112 6 -11 0.00 0 0 0 23.0 32.6 13.0 
1564042857555 113 6 -11 0.00 0 0 0 23.0 32.6 13.0 
1564042857661 112 6 -11 0.00 0 0 0 23.0 32.6 13.0 
1564042857769 112 6 -11 0.00 0 0 0 23.0 32.6 13.0 
1564042857874 113 6 -11 0.00 0 0 0 23.0 32.6 13.0 
1564042857982 112 6 -11 0.00 0 0 0 23.0 32.6 13.0 
1564042858089 112 6 -11 0.00 0 0 0 23.0 32.6 13.0 
1564042858194 112 6 -11 0.00 0 0 0 23.0 32.6 13.0 
1564042858302 112 6 -11 0.00 0 0 0 23.0 32.6 13.0 
1564042858409 112 6 -11 0.00 0 0 0 23.0 32.6 13.0 
1564042858516 112 6 -11 0.00 0 0 0 23.0 32.6 13.0 
1564042858641 112 6 -11 0.00 0 0 0 23.0 32.6 13.0 
1564042858747 112 6 -11 0.00 0 0 0 23.0 32.6 13.0 
1564042858853 113 6 -11 0.00 0 0 0 23.0 32.6 13.0 
1564042858960 112 6 -11 0.00 0 0 0 23.0 32.6 13.0 
1564042859066 112 6 -11 0.00 0 0 0 23.0 32.6 13.0 
1564042859173 112 6 -11 0.00 0 0 0 23.0 32.6 13.0 
1564042859280 112 6 -11 0.00 0 0 0 23.0 32.6 13.0 
1564042859387 112 6 -11 0.00 0 0 0 23.0 32.6 13.0 
1564042859493 112 6 -11 0.00 0 0 0 23.0 32.6 13.0 
1564042859600 113 6 -11 0.00 0 0 0 23.0 32.6 13.0 
1564042859706 112 6 -11 0.00 0 0 0 23.0 32.6 13.0 
1564042859812 112 6 -11 0.00 0 0 0 23.0 32.6 13.0 
1564042859919 112 6 -11 0.00 0 0 0 23.0 32.6 13.0 
1564042860024 112 6 -11 0.00 0 0 0 23.0 32.6 13.0 
1564042860323 112 6 -11 0.00 0 0 0 23.0 32.6 13.0 
1564042860430 112 6 -11 0.00 0 0 0 23.0 32.6 13.0 
1564042860537 112 6 -11 0.00 0 0 0 23.0 32.6 13.0 
1564042860643 113 6 -11 0.00 0 0 0 23.0 32.6 13.0 
1564042860748 112 6 -11 0.00 0 0 0 23.0 32.6 13.0 
1564042860854 112 6 -11 0.00 0 0 0 23.0 32.6 13.0 
1564042860961 112 6 -11 0.00 0 0 0 23.0 32.6 13.0 
1564042861067 112 6 -11 0.00 0 0 0 23.0 32.6 13.0 
1564042861173 112 6 -11 0.00 0 0 0 23.0 32.6 13.0 
1564042861279 112 6 -11 0.00 0 0 0 23.0 32.6 13.0 
1564042861511 113 6 -11 0.00 0 0 0 23.0 32.6 13.0 
1564042861618 112 6 -11 0.00 0 0 0 23.0 32.6 13.0 
1564042861724 113 6 -11 0.00 0 0 0 23.0 33.6 13.0 
1564042861830 113 6 -11 0.00 0 0 0 23.0 33.6 13.0 
1564042861937 112 6 -11 0.00 0 0 0 23.0 33.6 13.0 
1564042862043 112 6 -11 0.00 0 0 0 23.0 33.6 13.0 
1564042862148 112 6 -11 0.00 0 0 0 23.0 33.6 13.0 
1564042862257 113 6 -11 0.00 0 0 0 23.0 33.6 13.0 
1564042862365 113 6 -11 0.00 0 0 0 23.0 33.6 13.0 
1564042862470 113 6 -11 0.00 0 0 0 23.0 33.6 13.0 
1564042862576 113 6 -11 0.00 0 0 0 23.0 33.6 13.0 
1564042862683 113 6 -11 0.00 0 0 0 23.0 33.6 13.0 
1564042862789 112 6 -11 0.00 0 0 0 23.0 33.6 13.0 
1564042862896 112 6 -11 0.00 0 0 0 23.0 33.6 13.0 
1564042863002 112 6 -11 0.00 0 0 0 23.0 33.6 13.0 
1564042863112 112 6 -11 0.00 0 0 0 23.0 33.6 13.0 
1564042863217 113 6 -11 0.00 0 0 0 23.0 33.6 13.0 
1564042863326 112 6 -11 0.00 0 0 0 23.0 33.6 13.0 
1564042863435 113 6 -11 0.00 0 0 0 23.0 33.6 13.0 
1564042863543 113 6 -11 0.00 0 0 0 23.0 33.6 13.0 
1564042863648 113 6 -11 0.00 0 0 0 23.0 33.6 13.0 
1564042863754 112 6 -11 0.00 0 0 0 23.0 33.6 13.0 
1564042863863 112 6 -11 0.00 0 0 0 23.0 33.6 13.0 
1564042863972 112 6 -11 0.00 0 0 0 23.0 33.6 13.0 
1564042864080 112 6 -11 0.00 0 0 0 23.0 33.6 13.0 
1564042864189 112 6 -11 0.00 0 0 0 23.0 33.6 13.0 
1564042864296 112 6 -11 0.00 0 0 0 23.0 33.6 13.0 
1564042864403 113 6 -11 0.00 0 0 0 23.0 33.6 13.0 
1564042864512 113 6 -11 0.00 0 0 0 23.0 33.6 13.0 
1564042864619 112 6 -11 0.00 0 0 0 23.0 33.6 13.0 
1564042864725 112 6 -11 0.00 0 0 0 23.0 33.6 13.0 
1564042864834 112 6 -11 0.00 0 0 0 23.0 33.1 13.0 
1564042864942 113 6 -11 0.00 0 0 0 23.0 33.1 13.0 
1564042865048 112 6 -11 0.00 0 0 0 23.0 33.1 13.0 
1564042865154 112 6 -11 0.00 0 0 0 23.0 33.1 13.0 
1564042865261 112 6 -11 0.00 0 0 0 23.0 33.1 13.0 
1564042865369 113 6 -11 0.00 0 0 0 23.0 33.1 13.0 
1564042865475 113 6 -11 0.00 0 0 0 23.0 33.1 13.0 
1564042865582 113 6 -11 0.00 0 0 0 23.0 33.1 13.0 
1564042865691 112 6 -11 0.00 0 0 0 23.0 33.1 13.0 
1564042865799 113 6 -11 0.00 0 0 0 23.0 33.1 13.0 
1564042865907 112 6 -11 0.00 0 0 0 23.0 33.1 13.0 
1564042866013 113 6 -11 0.00 0 0 0 23.0 33.1 13.0 
1564042866122 113 6 -11 0.00 0 0 0 23.5 33.1 13.0 
1564042866229 112 6 -11 0.00 0 0 0 23.5 33.1 13.0 
1564042866338 112 6 -11 0.00 0 0 0 23.0 33.1 13.0 
1564042866444 112 6 -11 0.00 0 0 0 23.0 33.1 13.0 
1564042866549 112 6 -11 0.00 0 0 0 23.0 33.1 13.0 
1564042866656 112 6 -11 0.00 0 0 0 23.5 33.1 13.0 
1564042866762 113 6 -11 0.00 0 0 0 23.5 33.1 13.0 
1564042866868 113 6 -11 0.00 0 0 0 23.3 33.1 13.0 
1564042866975 113 6 -11 0.00 0 0 0 23.3 33.1 13.0 
1564042867082 112 6 -11 0.00 0 0 0 23.3 33.1 13.0 
1564042867189 112 6 -11 0.00 0 0 0 23.3 33.1 13.0 
1564042867295 112 6 -11 0.00 0 0 0 23.3 33.1 13.0 
1564042867401 112 6 -11 0.00 0 0 0 23.3 33.1 13.0 
1564042867507 112 6 -11 0.00 0 0 0 23.3 33.1 13.0 
1564042867614 112 6 -11 0.00 0 0 0 23.3 33.1 13.0 
1564042867720 112 6 -11 0.00 0 0 0 23.3 33.1 13.0 
1564042867827 112 6 -11 0.00 0 0 0 23.3 33.1 13.0 
1564042867935 112 6 -11 0.00 0 0 0 23.3 33.1 13.0 
1564042868041 113 6 -11 0.00 0 0 0 23.3 33.1 13.0 
1564042868148 112 6 -11 0.00 0 0 0 23.3 33.1 13.0 
1564042868253 112 6 -11 0.00 0 0 0 23.3 33.1 13.0 
1564042868359 113 6 -11 0.00 0 0 0 23.3 33.1 13.0 
1564042868467 112 6 -11 0.00 0 0 0 23.3 33.1 13.0 
1564042868573 113 6 -11 0.00 0 0 0 23.3 33.1 13.0 
1564042868679 112 6 -11 0.00 0 0 0 23.3 33.1 13.0 
1564042868787 112 6 -11 0.00 0 0 0 23.3 33.1 13.0 
1564042868895 112 6 -11 0.00 0 0 0 23.3 33.1 13.0 
1564042869002 112 6 -11 0.00 0 0 0 23.3 33.1 13.0 
1564042869110 112 6 -11 0.00 0 0 0 23.3 33.1 13.0 
1564042869216 112 6 -11 0.00 0 0 0 23.3 33.1 13.0 
1564042869322 112 6 -11 0.00 0 0 0 23.3 33.1 13.0 
1564042869433 113 6 -11 0.00 0 0 0 23.3 33.1 13.0 
1564042869540 112 6 -11 0.00 0 0 0 23.3 33.1 13.0 
1564042869646 112 6 -11 0.00 0 0 0 23.3 33.1 13.0 
1564042869752 112 6 -11 0.00 0 0 0 23.3 33.1 13.0 
1564042869859 113 6 -11 0.00 0 0 0 23.3 33.1 13.0 
1564042869967 112 6 -11 0.00 0 0 0 23.3 33.1 13.0 
1564042870074 112 6 -11 0.00 0 0 0 23.3 33.1 13.0 
1564042870181 112 6 -11 0.00 0 0 0 23.3 33.1 13.0 
1564042870287 112 6 -11 0.00 0 0 0 23.3 33.1 13.0 
1564042870394 113 6 -11 0.00 0 0 0 23.3 33.1 13.0 
1564042870502 112 6 -11 0.00 0 0 0 23.3 33.1 13.0 
1564042870608 113 6 -11 0.00 0 0 0 23.3 33.1 13.0 
1564042870722 112 6 -11 0.00 0 0 0 23.3 33.1 13.0 
1564042870831 112 6 -11 0.00 0 0 0 23.3 33.1 13.0 
1564042870940 112 6 -11 0.00 0 0 0 23.3 33.1 13.0 
1564042871046 112 6 -11 0.00 0 0 0 22.5 33.1 13.0 
1564042871152 113 6 -11 0.00 0 0 0 22.5 33.1 13.0 
1564042871260 113 6 -11 0.00 0 0 0 23.3 33.1 13.0 
1564042871367 112 6 -11 0.00 0 0 0 23.3 33.1 13.0 
1564042871473 112 6 -11 0.00 0 0 0 23.3 33.1 13.0 
1564042871580 112 6 -11 0.00 0 0 0 23.3 33.1 13.0 
1564042871687 112 6 -11 0.00 0 0 0 23.3 33.1 13.0 
1564042871794 113 6 -11 0.00 0 0 0 23.3 33.1 13.0 
1564042871906 112 6 -11 0.00 0 0 0 23.3 33.1 13.0 
1564042872013 113 6 -11 0.00 0 0 0 23.3 33.1 13.0 
1564042872120 112 6 -11 0.00 0 0 0 23.3 33.1 13.0 
1564042872231 112 6 -11 0.00 0 0 0 23.3 33.1 13.0 
1564042872338 112 6 -11 0.00 0 0 0 23.3 33.1 13.0 
1564042872445 113 6 -11 0.00 0 0 0 23.3 33.1 13.0 
1564042872551 112 6 -11 0.00 0 0 0 23.3 33.1 13.0 
