1569672777985 2 5 -1 2.05 0 0 0 0 25.2 787.6 30.4 0.0 
1569672778092 2 5 -1 2.05 0 0 0 0 25.2 787.6 30.4 0.0 
1569672778197 2 5 -1 2.10 0 0 0 0 25.2 787.6 30.4 0.0 
1569672778300 2 5 -1 2.10 0 0 0 0 25.2 787.6 30.4 0.0 
1569672778404 2 6 -1 2.00 0 0 0 0 25.2 787.6 30.4 0.0 
1569672778507 2 6 -1 2.00 0 0 0 0 25.2 787.6 30.4 0.0 
1569672778611 2 5 -1 2.05 0 0 0 0 25.2 787.6 30.4 0.0 
1569672778714 2 5 -1 2.05 0 0 0 0 25.2 787.6 30.4 0.0 
1569672778818 2 5 -1 2.07 0 0 0 0 25.2 787.6 30.4 0.0 
1569672778920 2 6 -1 2.07 0 0 0 0 25.2 787.6 30.4 0.0 
1569672779025 3 6 -1 1.99 0 0 0 0 25.2 787.6 30.4 0.0 
1569672779128 3 5 -1 1.99 0 0 0 0 25.2 787.6 30.4 0.0 
1569672779232 3 5 -1 2.07 0 0 0 0 25.2 787.6 30.4 0.0 
1569672779335 3 5 -1 2.07 0 0 0 0 25.2 787.6 30.4 0.0 
1569672779439 3 5 -1 2.07 0 0 0 0 25.2 787.6 30.4 0.0 
1569672779542 3 5 -1 2.07 0 0 0 0 25.2 787.6 30.4 0.0 
1569672779646 3 5 -1 2.00 0 0 0 0 25.2 787.6 30.4 0.0 
1569672779749 3 5 -1 2.00 0 0 0 0 25.2 787.6 30.4 0.0 
1569672779853 3 5 -1 2.07 0 0 0 0 25.2 787.6 30.4 0.0 
1569672779956 3 6 -1 2.07 0 0 0 0 25.2 787.6 30.4 0.0 
1569672780058 5 2 0 2.05 0 0 0 0 25.2 787.6 30.4 0.0 
1569672780174 10 -14 0 2.05 0 0 0 0 25.2 787.6 30.4 0.0 
1569672780277 9 -22 -2 2.17 0 0 0 0 25.2 787.6 28.2 0.0 
1569672780380 9 -24 -2 2.17 0 0 0 0 25.2 787.6 28.2 0.0 
1569672780483 8 -25 0 2.00 0 0 0 0 25.2 787.6 28.2 0.0 
1569672780587 7 -24 1 2.00 0 0 0 0 25.2 787.6 28.2 0.0 
1569672780695 6 -25 2 2.04 0 0 0 0 25.2 787.6 28.2 0.0 
1569672780798 6 -29 1 2.04 0 0 0 0 25.2 787.6 28.2 0.0 
1569672780903 5 -32 2 2.02 0 0 0 0 25.2 787.6 28.2 0.0 
1569672781009 5 -30 2 2.02 0 0 0 0 25.2 787.6 28.2 0.0 
1569672781115 5 -27 2 2.13 0 0 0 0 25.2 787.6 28.2 0.0 
1569672781220 6 -21 3 2.13 0 0 0 0 25.2 787.6 28.2 0.0 
1569672781325 7 -17 3 2.01 0 0 0 0 25.2 787.6 28.2 0.0 
1569672781430 7 -11 3 2.01 0 0 0 0 25.2 787.6 28.2 0.0 
1569672781534 6 -8 4 2.08 0 0 0 0 25.2 787.6 28.2 0.0 
1569672781638 7 -5 4 2.08 0 0 0 0 25.2 787.6 28.2 0.0 
1569672781742 7 -2 4 2.03 0 0 0 0 25.2 787.6 28.2 0.0 
1569672781847 8 0 3 2.03 0 0 0 0 25.2 787.6 28.2 0.0 
1569672781950 9 0 3 2.07 0 0 0 0 25.2 787.6 28.2 0.0 
1569672782055 9 0 4 2.07 0 0 0 0 25.2 787.6 28.2 0.0 
1569672782162 9 0 3 2.06 0 0 0 0 25.2 787.6 28.2 0.0 
1569672782267 11 0 3 2.06 0 0 0 0 25.2 787.6 28.2 0.0 
1569672782371 12 0 2 2.00 0 0 0 0 25.2 787.6 28.2 0.0 
1569672782475 5 1 8 2.00 0 0 0 0 25.2 787.6 28.2 0.0 
1569672782580 -2 0 7 2.10 0 0 0 0 25.2 787.6 28.2 0.0 
1569672782687 -7 0 7 2.10 0 0 0 0 25.2 787.6 28.2 0.0 
1569672782794 -9 0 7 2.09 0 0 0 0 25.2 787.6 28.2 0.0 
1569672782898 -9 1 8 2.09 0 0 0 0 25.2 787.6 28.2 0.0 
1569672783001 -10 1 8 2.03 0 0 0 0 25.2 787.6 28.2 0.0 
1569672783104 -10 0 7 2.03 0 0 0 0 25.2 787.6 28.2 0.0 
1569672783210 -10 0 7 2.00 0 0 0 0 25.2 787.6 28.2 0.0 
1569672783314 -7 0 6 2.00 0 0 0 0 25.2 787.6 31.5 0.0 
1569672783421 -3 -1 4 2.13 0 0 0 0 25.2 787.6 31.5 0.0 
1569672783524 0 -2 4 2.13 0 0 0 0 25.2 787.6 31.5 0.0 
1569672783635 7 -4 1 2.01 0 0 0 0 25.2 787.6 31.5 0.0 
1569672783741 13 -2 0 2.01 0 0 0 0 25.2 787.6 31.5 0.0 
1569672783845 17 -3 -3 2.00 0 0 0 0 25.2 787.6 31.5 0.0 
1569672783950 22 -4 -5 2.00 0 0 0 0 25.2 787.6 31.5 0.0 
1569672784054 26 -3 -6 2.14 0 0 0 0 25.2 787.6 31.5 0.0 
1569672784158 28 -3 -7 2.14 0 0 0 0 25.2 787.6 31.5 0.0 
1569672784263 28 -4 -7 2.04 0 0 0 0 25.2 787.6 31.5 0.0 
1569672784369 27 -5 -7 2.04 0 0 0 0 25.2 787.6 31.5 0.0 
1569672784473 25 -5 -7 2.06 0 0 0 0 25.2 787.6 31.5 0.0 
1569672784580 22 -5 -5 2.06 0 0 0 0 25.2 787.6 31.5 0.0 
1569672784685 17 -8 -3 2.04 0 0 0 0 25.2 787.6 31.5 0.0 
1569672784789 12 -9 -1 2.04 0 0 0 0 25.2 787.6 31.5 0.0 
1569672784895 6 -10 0 2.05 0 0 0 0 25.2 787.6 31.5 0.0 
1569672784999 2 -12 3 2.05 0 0 0 0 25.2 787.6 31.5 0.0 
1569672785104 0 -11 4 2.03 0 0 0 0 25.2 787.6 31.5 0.0 
1569672785213 0 -11 4 2.03 0 0 0 0 25.2 787.6 31.5 0.0 
1569672785317 0 -14 4 2.15 0 0 0 0 25.2 787.6 31.5 0.0 
1569672785421 0 -20 3 2.15 0 0 0 0 25.2 787.6 31.5 0.0 
1569672785525 -3 -32 5 1.99 0 0 0 0 25.2 787.6 31.5 0.0 
1569672785629 -7 -44 8 1.99 0 0 0 0 25.2 787.6 31.5 0.0 
1569672785733 -9 -51 9 2.10 0 0 0 0 25.2 787.6 31.5 0.0 
1569672785841 -13 -59 12 2.10 0 0 0 0 25.2 787.6 31.5 0.0 
1569672785944 -15 -62 14 2.03 0 0 0 0 25.2 787.6 31.5 0.0 
1569672786047 -16 -65 15 2.03 0 0 0 0 25.2 787.6 31.5 0.0 
1569672786152 -16 -65 14 2.02 0 0 0 0 25.2 787.6 31.5 0.0 
1569672786256 -15 -62 13 2.02 0 0 0 0 25.2 787.6 31.5 0.0 
1569672786362 -12 -59 10 2.07 0 0 0 0 25.2 787.6 31.5 0.0 
1569672786468 -8 -46 6 2.07 0 0 0 0 25.2 787.6 31.5 0.0 
1569672786572 -5 -40 3 2.07 0 0 0 0 25.2 787.6 31.5 0.0 
1569672786676 -5 -41 3 2.07 0 0 0 0 25.2 787.6 31.5 0.0 
1569672786781 -5 -42 3 2.05 0 0 0 0 25.2 787.6 31.5 0.0 
1569672786886 -4 -42 3 2.05 0 0 0 0 25.2 787.6 31.5 0.0 
1569672786990 -5 -42 3 2.06 0 0 0 0 25.2 787.6 31.5 0.0 
1569672787093 -5 -41 3 2.06 0 0 0 0 25.2 787.6 31.5 0.0 
1569672787197 -5 -41 4 2.08 0 0 0 0 25.2 787.6 31.5 0.0 
1569672787300 -5 -41 4 2.08 0 0 0 0 25.2 787.6 31.5 0.0 
1569672787405 -6 -40 4 2.00 0 0 0 0 25.2 787.6 31.5 0.0 
1569672787509 -7 -37 4 2.00 0 0 0 0 25.2 787.6 31.5 0.0 
1569672787614 -11 -40 5 2.11 0 0 0 0 25.2 787.6 31.5 0.0 
1569672787720 -12 -38 5 2.11 0 0 0 0 25.2 787.6 31.5 0.0 
1569672787825 -12 -35 5 2.04 0 0 0 0 25.2 787.6 31.5 0.0 
1569672787930 -13 -35 5 2.04 0 0 0 0 25.2 787.6 31.5 0.0 
1569672788035 -13 -36 6 2.07 0 0 0 0 25.2 787.6 31.5 0.0 
1569672788140 -12 -37 5 2.07 0 0 0 0 25.2 787.6 31.5 0.0 
1569672788245 -11 -37 5 2.06 0 0 0 0 25.2 787.6 31.5 0.0 
1569672788350 -8 -31 3 2.06 0 0 0 0 25.2 787.6 31.5 0.0 
1569672788456 -3 -26 1 2.06 0 0 0 0 25.2 787.6 31.5 0.0 
1569672788560 0 -22 -1 2.06 0 0 0 0 25.2 787.6 31.5 0.0 
1569672788666 3 -18 -3 2.03 0 0 0 0 25.2 787.6 31.5 0.0 
1569672788772 11 -7 -5 2.03 0 0 0 0 25.2 787.6 31.5 0.0 
1569672788878 14 -4 -9 2.14 0 0 0 0 25.2 787.6 31.5 0.0 
1569672788982 12 -5 -6 2.14 0 0 0 0 25.2 787.6 31.5 0.0 
1569672789087 10 0 -1 2.00 0 0 0 0 25.2 787.6 31.5 0.0 
1569672789191 9 -2 -1 2.00 0 0 0 0 25.2 787.6 31.5 0.0 
1569672789296 9 -1 -1 2.14 0 0 0 0 25.2 787.6 31.5 0.0 
1569672789399 9 -2 -1 2.14 0 0 0 0 25.2 787.6 31.5 0.0 
1569672789502 10 -1 -4 2.03 0 0 0 0 25.2 787.6 31.5 0.0 
1569672789607 9 -2 4 2.03 0 0 0 0 25.2 787.6 31.5 0.0 
1569672789712 8 -2 10 2.07 0 0 0 0 25.2 787.6 31.5 0.0 
1569672789820 7 -2 19 2.07 0 0 0 0 25.2 787.6 31.5 0.0 
1569672789924 6 1 24 2.07 0 0 0 0 25.2 787.6 31.5 0.0 
1569672790031 6 1 30 2.07 0 0 0 0 25.2 787.6 31.5 0.0 
1569672790135 6 0 29 2.12 0 0 0 0 25.2 787.6 31.5 0.0 
1569672790241 6 1 28 2.12 0 0 0 0 25.2 787.6 31.5 0.0 
1569672790346 5 1 25 2.02 0 0 0 0 25.2 787.6 31.5 0.0 
1569672790450 6 0 22 2.02 0 0 0 0 25.2 787.6 31.5 0.0 
1569672790554 6 0 17 2.10 0 0 0 0 25.2 787.6 31.5 0.0 
1569672790661 6 0 10 2.10 0 0 0 0 25.2 787.6 31.5 0.0 
1569672790768 6 2 5 2.02 0 0 0 0 25.2 787.6 31.5 0.0 
1569672790874 7 0 1 2.02 0 0 0 0 25.2 787.6 31.5 0.0 
1569672790979 7 -1 -2 2.08 0 0 0 0 25.2 787.6 31.5 0.0 
1569672791082 7 0 -1 2.08 0 0 0 0 25.2 787.6 31.5 0.0 
1569672791185 9 -2 -2 2.04 0 0 0 0 25.2 787.6 31.5 0.0 
1569672791290 9 -2 -2 2.04 0 0 0 0 25.2 787.6 31.5 0.0 
1569672791393 9 -3 -11 2.03 0 0 0 0 25.2 787.6 31.5 0.0 
1569672791498 9 -10 -20 2.03 0 0 0 0 25.2 787.6 31.5 0.0 
1569672791601 9 -11 -21 2.06 0 0 0 0 25.2 787.6 31.5 0.0 
1569672791705 11 -6 -29 2.06 0 0 0 0 25.2 787.6 31.5 0.0 
1569672791811 11 -8 -31 2.05 0 0 0 0 25.2 787.6 31.5 0.0 
1569672791917 11 -10 -32 2.05 0 0 0 0 25.2 787.6 31.5 0.0 
1569672792022 11 -7 -34 2.07 0 0 0 0 25.2 787.6 31.5 0.0 
1569672792126 11 -8 -33 2.07 0 0 0 0 25.2 787.6 31.5 0.0 
1569672792230 11 -6 -35 2.00 0 0 0 0 25.2 787.6 31.5 0.0 
1569672792335 11 -7 -28 2.00 0 0 0 0 25.2 787.6 32.0 0.0 
1569672792440 9 -7 -19 2.07 0 0 0 0 25.2 787.6 32.0 0.0 
1569672792545 9 -9 -15 2.07 0 0 0 0 25.2 787.6 32.0 0.0 
1569672792651 7 -6 -4 2.05 0 0 0 0 25.2 787.6 32.0 0.0 
1569672792755 7 -5 -3 2.05 0 0 0 0 25.2 787.6 32.0 0.0 
1569672792859 7 -3 -2 2.10 0 0 0 0 25.2 787.6 32.0 0.0 
1569672792962 7 -3 -1 2.10 0 0 0 0 25.2 787.6 32.0 0.0 
1569672793064 7 0 -2 2.03 0 0 0 0 25.2 787.6 32.0 0.0 
1569672793169 7 0 -1 2.03 0 0 0 0 25.2 787.6 32.0 0.0 
1569672793273 8 0 -1 2.02 0 0 0 0 25.2 787.6 32.0 0.0 
1569672793379 8 0 -1 2.02 0 0 0 0 25.2 787.6 32.0 0.0 
1569672793482 9 0 -1 2.06 0 0 0 0 25.2 787.6 32.0 0.0 
1569672793586 9 0 -1 2.06 0 0 0 0 25.2 787.6 32.0 0.0 
1569672793693 9 0 -1 2.01 0 0 0 0 25.2 787.6 32.0 0.0 
1569672793798 9 0 -1 2.01 0 0 0 0 25.2 787.6 32.0 0.0 
1569672793909 9 0 -1 2.09 0 0 0 0 25.2 787.6 32.0 0.0 
1569672794013 9 0 -1 2.09 0 0 0 0 25.2 787.6 32.0 0.0 
1569672794116 9 0 -1 2.07 0 0 0 0 25.2 787.6 32.0 0.0 
1569672794219 9 0 -1 2.07 0 0 0 0 25.2 787.6 32.0 0.0 
1569672794323 9 0 -1 2.08 0 0 0 0 25.2 787.6 32.0 0.0 
1569672794427 9 0 -1 2.08 0 0 0 0 25.2 787.6 32.0 0.0 
1569672794534 9 0 -1 2.00 0 0 0 0 25.2 787.6 32.0 0.0 
1569672794638 9 0 -1 2.00 0 0 0 0 25.2 787.6 32.0 0.0 
1569672794744 9 0 -1 2.06 0 0 0 0 25.2 787.6 32.0 0.0 
1569672794848 9 0 -1 2.06 0 0 0 0 25.2 787.6 32.0 0.0 
1569672794953 9 0 -1 2.02 0 0 0 0 25.2 787.6 32.0 0.0 
1569672795056 9 0 -1 2.02 0 0 0 0 25.2 787.6 32.0 0.0 
1569672795160 10 0 0 2.12 0 0 0 0 25.2 787.6 32.0 0.0 
1569672795264 11 0 -1 2.12 0 0 0 0 25.2 787.6 32.0 0.0 
1569672795368 11 0 -1 2.12 0 0 0 0 25.2 787.6 31.5 0.0 
1569672795472 11 0 -1 2.00 0 0 0 0 25.2 787.6 31.5 0.0 
1569672795577 11 0 -1 2.12 0 0 0 0 25.2 787.6 31.5 0.0 
1569672795688 12 0 -1 2.12 0 0 0 0 25.2 787.6 31.5 0.0 
1569672795792 12 0 -1 2.00 0 0 0 0 25.2 787.6 31.5 0.0 
1569672795896 12 0 -1 2.00 0 0 0 0 25.2 787.6 31.5 0.0 
1569672796002 12 0 -1 2.09 0 0 0 0 25.2 787.6 31.5 0.0 
1569672796117 12 0 -1 2.09 0 0 12 8 25.2 787.6 31.5 0.0 
1569672796239 12 0 -1 2.02 0 0 20 18 25.2 787.6 31.5 0.0 
1569672796350 12 0 -1 2.02 0 0 27 25 25.2 787.6 31.5 0.0 
1569672796458 12 0 -1 2.04 0 0 28 27 25.2 787.6 31.5 0.0 
1569672796566 13 0 -1 2.04 0 0 31 30 25.2 787.6 31.5 0.0 
1569672796674 13 0 -1 2.03 0 0 48 46 25.2 787.6 31.5 0.0 
1569672796785 13 0 -1 2.03 0 0 60 56 25.2 787.6 31.5 0.0 
1569672796893 13 0 -1 2.07 0 0 60 56 25.2 787.6 31.5 0.0 
1569672797000 13 0 -1 2.07 0 0 60 56 25.2 787.6 31.5 0.0 
1569672797109 13 0 -1 2.08 0 0 44 40 25.2 787.6 31.5 0.0 
1569672797220 13 0 -1 2.08 0 0 4 -3 25.2 787.6 31.5 0.0 
1569672797332 13 0 -1 2.14 0 0 -14 -15 25.2 787.6 31.5 0.0 
1569672797443 13 0 -1 2.14 0 0 -33 -31 25.2 787.6 31.5 0.0 
1569672797559 13 0 -1 2.10 0 0 -49 -45 25.2 787.6 31.5 0.0 
1569672797671 13 0 -1 2.10 0 0 -63 -58 25.2 787.6 31.5 0.0 
1569672797780 13 0 -1 2.04 0 0 -68 -64 25.2 787.6 31.5 0.0 
1569672797887 13 0 -1 2.04 0 0 -68 -64 25.2 787.6 31.5 0.0 
1569672797995 13 0 -1 2.05 0 0 -70 -64 25.2 787.6 31.5 0.0 
1569672798102 13 0 -1 2.05 0 0 -70 -64 25.2 787.6 31.5 0.0 
1569672798206 13 0 -1 2.05 0 0 -70 -64 25.2 787.6 31.5 0.0 
1569672798326 13 0 -1 2.05 0 0 0 0 25.2 787.6 31.5 0.0 
1569672798434 13 0 -1 2.13 0 0 0 0 25.2 787.6 32.0 0.0 
1569672798541 14 -2 -1 2.13 0 0 0 0 25.2 787.6 32.0 0.0 
1569672798643 13 -1 -1 2.07 0 0 0 0 25.2 787.6 32.0 0.0 
1569672798745 13 0 -1 2.07 0 0 0 0 25.2 787.6 32.0 0.0 
1569672798850 13 0 -1 2.00 0 0 0 0 25.2 787.6 32.0 0.0 
1569672798954 13 0 -1 2.00 0 0 0 0 25.2 787.6 32.0 0.0 
1569672799059 13 0 -1 2.14 0 0 0 0 25.2 787.6 32.0 0.0 
1569672799163 13 0 -1 2.14 0 0 0 0 25.2 787.6 32.0 0.0 
1569672799281 13 0 -1 2.00 0 0 2 -5 25.2 787.6 32.0 0.0 
1569672799385 13 0 -1 2.00 0 0 2 -5 25.2 787.6 32.0 0.0 
1569672799491 13 0 -1 2.05 0 0 2 -5 25.2 787.6 32.0 0.0 
1569672799596 13 0 -1 2.05 0 0 2 -5 25.2 787.6 32.0 0.0 
1569672799700 13 0 -1 2.14 0 0 2 -5 25.2 787.6 32.0 0.0 
1569672799805 13 0 -1 2.14 0 0 2 -5 25.2 787.6 32.0 0.0 
1569672799909 13 0 -1 2.00 0 0 2 -5 25.2 787.6 32.0 0.0 
1569672800017 13 0 -1 2.00 0 0 2 -5 25.2 787.6 32.0 0.0 
1569672800126 12 -2 -1 2.08 0 0 3 -6 25.2 787.6 32.0 0.0 
1569672800237 5 0 0 2.08 0 0 7 -14 25.2 787.6 32.0 0.0 
1569672800346 1 0 -1 2.08 0 0 9 -19 25.2 787.6 32.0 0.0 
1569672800454 0 -1 -1 2.08 0 0 10 -21 25.2 787.6 32.0 0.0 
1569672800563 -2 -3 0 2.07 0 0 11 -23 25.2 787.6 32.0 0.0 
1569672800672 -4 -1 0 2.07 0 0 12 -25 25.2 787.6 32.0 0.0 
1569672800787 -6 -1 0 2.05 0 0 14 -28 25.2 787.6 32.0 0.0 
1569672800892 -7 0 0 2.05 0 0 14 -29 25.2 787.6 32.0 0.0 
1569672800997 -7 -1 0 2.10 0 0 14 -29 25.2 787.6 32.0 0.0 
1569672801103 -6 -1 0 2.10 0 0 14 -28 25.2 787.6 32.0 0.0 
1569672801207 -6 -2 0 2.05 0 0 14 -28 25.2 787.6 32.0 0.0 
1569672801314 -5 -2 1 2.05 0 0 13 -27 25.2 787.6 32.0 0.0 
1569672801421 -4 -1 1 2.04 0 0 12 -25 25.2 787.6 32.6 0.0 
1569672801531 -2 -2 0 2.04 0 0 11 -23 25.2 787.6 32.6 0.0 
1569672801642 0 -2 0 2.04 0 0 10 -20 25.2 787.6 32.6 0.0 
1569672801759 4 -5 -1 2.04 0 0 7 -15 25.2 787.6 32.6 0.0 
1569672801869 7 -2 -2 2.05 0 0 6 -12 25.2 787.6 32.6 0.0 
1569672801978 9 -1 -1 2.05 0 0 5 -10 25.2 787.6 32.6 0.0 
1569672802090 14 -1 -1 2.07 0 0 2 -4 25.2 787.6 32.6 0.0 
1569672802196 17 -1 -1 2.07 0 0 0 -1 25.2 787.6 32.6 0.0 
1569672802301 19 -1 -1 2.07 0 0 0 0 25.2 787.6 32.6 0.0 
1569672802409 21 0 -1 2.07 0 0 -3 1 25.2 787.6 32.6 0.0 
1569672802523 23 0 -1 2.03 0 0 -5 2 25.2 787.6 32.6 0.0 
1569672802628 25 0 -1 2.03 0 0 -7 3 25.2 787.6 32.6 0.0 
1569672802738 27 0 -1 2.05 0 0 -10 5 25.2 787.6 32.6 0.0 
1569672802851 28 1 -1 2.05 0 0 -11 5 25.2 787.6 32.6 0.0 
1569672802960 29 1 -1 2.05 0 0 -12 6 25.2 787.6 32.6 0.0 
1569672803066 30 2 -1 2.05 0 0 -13 6 25.2 787.6 32.6 0.0 
1569672803169 30 2 -1 2.03 0 0 -13 6 25.2 787.6 32.6 0.0 
1569672803280 31 2 -1 2.03 0 0 -14 7 25.2 787.6 32.6 0.0 
1569672803384 31 3 -1 2.15 0 0 -14 7 25.2 787.6 32.6 0.0 
1569672803496 33 6 -2 2.15 0 0 -16 8 25.2 787.6 32.6 0.0 
1569672803600 33 6 -1 2.08 0 0 -16 8 25.2 787.6 32.6 0.0 
1569672803704 33 5 -1 2.08 0 0 -16 8 25.2 787.6 32.6 0.0 
1569672803808 33 5 -1 2.05 0 0 -16 8 25.2 787.6 32.6 0.0 
1569672803911 33 5 -1 2.05 0 0 -16 8 25.2 787.6 32.6 0.0 
1569672804015 33 5 -1 2.04 0 0 -16 8 25.2 787.6 32.6 0.0 
1569672804125 34 6 -1 2.04 0 0 -18 9 25.2 787.6 32.6 0.0 
1569672804231 35 6 -1 2.07 0 0 -19 9 25.2 787.6 32.6 0.0 
1569672804341 37 5 -1 2.07 0 0 -21 10 25.2 787.6 32.6 0.0 
1569672804449 37 5 -1 2.07 0 0 -21 10 25.2 787.6 32.6 0.0 
1569672804553 37 5 -1 2.21 0 0 -21 10 25.2 787.6 32.6 0.0 
1569672804659 36 5 -1 2.13 0 0 -20 10 25.2 787.6 32.6 0.0 
1569672804766 34 5 -1 2.13 0 0 -18 9 25.2 787.6 32.6 0.0 
1569672804878 30 6 -1 2.00 0 0 -13 6 25.2 787.6 32.6 0.0 
1569672804986 27 5 0 2.00 0 0 -10 5 25.2 787.6 32.6 0.0 
1569672805093 25 6 -1 2.04 0 0 -7 3 25.2 787.6 32.6 0.0 
1569672805203 22 6 -1 2.04 0 0 -4 2 25.2 787.6 32.6 0.0 
1569672805312 20 4 -1 2.12 0 0 -2 1 25.2 787.6 32.6 0.0 
1569672805420 18 5 -1 2.12 0 0 0 0 25.2 787.6 32.6 0.0 
1569672805528 17 5 0 2.16 0 0 0 -1 25.2 787.6 32.6 0.0 
1569672805639 15 4 0 2.16 0 0 1 -3 25.2 787.6 32.6 0.0 
1569672805748 14 3 -1 2.11 0 0 2 -4 25.2 787.6 32.6 0.0 
1569672805852 14 2 -1 2.11 0 0 2 -4 25.2 787.6 32.6 0.0 
1569672805960 14 2 -1 2.12 0 0 2 -4 25.2 787.6 32.6 0.0 
1569672806064 14 3 -1 2.12 0 0 2 -4 25.2 787.6 32.6 0.0 
1569672806172 14 2 -1 2.00 0 0 2 -4 25.2 787.6 32.6 0.0 
1569672806278 14 2 -1 2.00 0 0 2 -4 25.2 787.6 32.6 0.0 
1569672806383 14 3 -1 2.08 0 0 2 -4 25.2 787.6 32.6 0.0 
1569672806486 14 2 -1 2.08 0 0 2 -4 25.2 787.6 32.6 0.0 
1569672806595 16 5 -2 1.99 0 0 1 -2 25.2 787.6 32.6 0.0 
1569672806706 18 5 -1 1.99 0 0 0 0 25.2 787.6 32.6 0.0 
1569672806814 20 6 -1 2.07 0 0 -2 1 25.2 787.6 32.6 0.0 
1569672806919 20 4 -1 2.07 0 0 -2 1 25.2 787.6 32.6 0.0 
1569672807028 19 5 -1 2.10 0 0 0 0 25.2 787.6 32.6 0.0 
1569672807131 18 5 0 2.10 0 0 0 0 25.2 787.6 32.6 0.0 
1569672807235 18 5 -1 2.10 0 0 0 0 25.2 787.6 32.6 0.0 
1569672807338 18 5 0 2.10 0 0 0 0 25.2 787.6 32.6 0.0 
1569672807446 18 5 0 2.13 0 0 0 0 25.2 787.6 32.0 0.0 
1569672807551 18 5 -1 2.13 0 0 0 0 25.2 787.6 32.0 0.0 
1569672807656 18 5 -1 2.02 0 0 0 0 25.2 787.6 32.0 0.0 
1569672807759 18 5 -1 2.02 0 0 0 0 25.2 787.6 32.0 0.0 
1569672807863 18 5 0 2.09 0 0 0 0 25.2 787.6 32.0 0.0 
1569672807967 18 5 0 2.09 0 0 0 0 25.2 787.6 32.0 0.0 
1569672808075 18 5 -1 2.00 0 0 0 0 25.2 787.6 32.0 0.0 
1569672808179 18 5 0 2.00 0 0 0 0 25.2 787.6 32.0 0.0 
1569672808283 18 5 0 2.07 0 0 0 0 25.2 787.6 32.0 0.0 
1569672808388 18 7 0 2.07 0 0 0 0 25.2 787.6 32.0 0.0 
1569672808492 19 5 -1 2.06 0 0 0 0 25.2 787.6 32.0 0.0 
1569672808600 20 6 0 2.06 0 0 -2 1 25.2 787.6 32.0 0.0 
1569672808704 20 5 -1 2.07 0 0 -2 1 25.2 787.6 32.0 0.0 
1569672808808 20 5 0 2.07 0 0 -2 1 25.2 787.6 32.0 0.0 
1569672808915 20 5 -1 2.00 0 0 -2 1 25.2 787.6 32.0 0.0 
1569672809018 20 5 -1 2.00 0 0 -2 1 25.2 787.6 32.0 0.0 
1569672809122 20 5 -1 2.11 0 0 -2 1 25.2 787.6 32.0 0.0 
1569672809231 20 5 -1 2.11 0 0 0 0 25.2 787.6 32.0 0.0 
1569672809340 20 5 -1 2.00 0 0 0 0 25.2 787.6 32.0 0.0 
1569672809444 20 5 -1 2.00 0 0 0 0 25.2 787.6 32.0 0.0 
1569672809548 20 5 -1 2.00 0 0 0 0 25.2 787.6 32.0 0.0 
1569672809652 20 5 -1 2.00 0 0 0 0 25.2 787.6 32.0 0.0 
1569672809755 19 6 -1 2.04 0 0 0 0 25.2 787.6 32.0 0.0 
1569672809862 19 5 -1 2.04 0 0 0 0 25.2 787.6 32.0 0.0 
1569672809967 19 5 0 2.08 0 0 0 0 25.2 787.6 32.0 0.0 
1569672810071 19 5 -1 2.08 0 0 0 0 25.2 787.6 32.0 0.0 
1569672810175 19 5 -1 2.02 0 0 0 0 25.2 787.6 32.0 0.0 
1569672810282 19 5 -1 2.02 0 0 0 0 25.2 787.6 32.0 0.0 
1569672810387 19 5 0 2.07 0 0 0 0 25.2 787.6 32.0 0.0 
1569672810493 19 6 -1 2.07 0 0 0 0 25.2 787.6 32.0 0.0 
1569672810597 19 6 0 2.11 0 0 0 0 25.2 787.6 32.0 0.0 
1569672810705 19 5 -1 2.11 0 0 0 0 25.2 787.6 32.0 0.0 
1569672810809 19 5 0 2.04 0 0 0 0 25.2 787.6 32.0 0.0 
1569672810922 19 5 -1 2.04 0 0 0 -10 25.2 787.6 32.0 0.0 
1569672811036 19 6 -1 2.14 0 0 0 -16 25.2 787.6 32.0 0.0 
1569672811141 19 5 0 2.14 0 0 0 -18 25.2 787.6 32.0 0.0 
1569672811248 19 5 0 2.11 0 0 0 -18 25.2 787.6 32.0 0.0 
1569672811352 19 5 -1 2.11 0 0 0 -18 25.2 787.6 32.0 0.0 
1569672811463 19 6 -1 2.12 0 0 0 -4 25.2 787.6 32.0 0.0 
1569672811570 19 6 0 2.12 0 0 0 20 25.2 787.6 32.0 0.0 
1569672811683 19 5 -1 2.05 0 0 0 34 25.2 787.6 32.0 0.0 
1569672811789 19 5 0 2.05 0 0 0 35 25.2 787.6 32.0 0.0 
1569672811892 19 5 -1 2.05 0 0 0 35 25.2 787.6 32.0 0.0 
1569672811996 19 5 -1 2.05 0 0 0 35 25.2 787.6 32.0 0.0 
1569672812100 19 5 -1 2.08 0 0 0 35 25.2 787.6 32.0 0.0 
1569672812205 19 5 -1 2.08 0 0 0 35 25.2 787.6 32.0 0.0 
1569672812308 20 6 0 2.01 0 0 0 35 25.2 787.6 32.0 0.0 
1569672812413 21 5 -1 2.01 0 0 0 35 25.2 787.6 32.0 0.0 
1569672812517 21 5 -1 2.12 0 0 0 35 25.2 787.6 32.0 0.0 
1569672812623 21 5 0 2.12 0 0 0 35 25.2 787.6 32.0 0.0 
1569672812729 21 5 -1 2.02 0 0 0 0 25.2 787.6 32.0 0.0 
1569672812834 21 6 -1 2.02 0 0 0 0 25.2 787.6 32.0 0.0 
1569672812939 21 5 -1 2.07 0 0 0 0 25.2 787.6 32.0 0.0 
1569672813043 20 5 -1 2.07 0 0 0 0 25.2 787.6 32.0 0.0 
1569672813147 20 5 0 2.03 0 0 0 0 25.2 787.6 32.0 0.0 
1569672813253 20 5 -1 2.03 0 0 0 0 25.2 787.6 32.0 0.0 
1569672813357 20 5 -1 2.11 0 0 0 0 25.2 787.6 32.0 0.0 
1569672813461 20 5 0 2.11 0 0 0 0 25.2 787.6 32.0 0.0 
1569672813566 20 5 -1 2.05 0 0 0 0 25.2 787.6 32.6 0.0 
1569672813671 20 5 -1 2.05 0 0 0 0 25.2 787.6 32.6 0.0 
1569672813778 20 5 -1 2.07 0 0 0 0 25.2 787.6 32.6 0.0 
1569672813885 20 5 -1 2.07 0 0 0 0 25.2 787.6 32.6 0.0 
1569672813992 20 5 -1 2.03 0 0 0 0 25.2 787.6 32.6 0.0 
1569672814097 20 5 -1 2.03 0 0 0 0 25.2 787.6 32.6 0.0 
1569672814203 20 5 -1 2.09 0 0 0 0 25.2 787.6 32.6 0.0 
1569672814313 20 5 -1 2.09 -5 -4 0 0 25.2 787.6 32.6 0.0 
1569672814423 20 6 -1 2.03 -20 -16 0 0 25.2 787.6 32.6 0.0 
1569672814537 20 5 -1 2.03 -28 -23 0 0 25.2 787.6 32.6 0.0 
1569672814641 20 5 -1 2.06 -28 -23 0 0 25.2 787.6 32.6 0.0 
1569672814746 20 6 -1 2.06 -28 -23 0 0 25.2 787.6 32.6 0.0 
1569672814849 20 5 -1 2.00 -28 -23 0 0 25.2 787.6 32.6 0.0 
1569672814954 20 5 -1 2.00 -28 -23 0 0 25.2 787.6 32.6 0.0 
1569672815057 20 5 -1 2.12 -28 -23 0 0 25.2 787.6 32.6 0.0 
1569672815166 20 5 0 2.12 -22 -17 0 0 25.2 787.6 32.6 0.0 
1569672815278 20 5 -1 2.03 -2 -1 0 0 25.2 787.6 32.6 0.0 
1569672815386 20 5 -1 2.03 12 9 0 0 25.2 787.6 32.6 0.0 
1569672815498 20 5 -1 2.11 16 13 0 0 25.2 787.6 32.6 0.0 
1569672815603 20 5 -1 2.11 18 14 0 0 25.2 787.6 32.6 0.0 
1569672815710 20 6 -1 2.04 18 14 0 0 25.2 787.6 32.6 0.0 
1569672815813 20 5 0 2.04 18 14 0 0 25.2 787.6 32.6 0.0 
1569672815920 20 5 -1 2.07 18 14 0 0 25.2 787.6 32.6 0.0 
1569672816023 20 5 -1 2.07 18 14 0 0 25.2 787.6 32.6 0.0 
1569672816130 20 5 -1 2.02 18 14 0 0 25.2 787.6 32.6 0.0 
1569672816234 20 6 -1 2.02 18 14 0 0 25.2 787.6 32.6 0.0 
1569672816339 20 5 0 2.07 18 14 0 0 25.2 787.6 32.6 0.0 
1569672816448 20 6 0 2.07 0 0 0 0 25.2 787.6 32.6 0.0 
1569672816555 20 6 -1 2.06 0 0 0 0 25.2 787.6 32.6 0.0 
1569672816660 20 5 -1 2.06 0 0 0 0 25.2 787.6 32.6 0.0 
1569672816763 20 5 -1 2.06 0 0 0 0 25.2 787.6 32.6 0.0 
1569672816867 20 5 -1 2.06 0 0 0 0 25.2 787.6 32.6 0.0 
1569672816971 20 5 0 2.04 0 0 0 0 25.2 787.6 32.6 0.0 
1569672817077 20 5 -1 2.04 0 0 0 0 25.2 787.6 32.6 0.0 
1569672817182 20 5 0 2.14 0 0 0 0 25.2 787.6 32.6 0.0 
1569672817285 20 5 0 2.14 0 0 0 0 25.2 787.6 32.6 0.0 
1569672817390 20 5 -1 2.03 0 0 0 0 25.2 787.6 32.6 0.0 
1569672817495 20 5 -1 2.03 0 0 0 0 25.2 787.6 32.6 0.0 
1569672817600 20 5 0 2.14 0 0 0 0 25.2 787.6 32.6 0.0 
1569672817704 20 5 -1 2.14 0 0 0 0 25.2 787.6 32.6 0.0 
1569672817807 20 5 0 2.02 0 0 0 0 25.2 787.6 32.6 0.0 
1569672817912 20 5 -1 2.02 0 0 0 0 25.2 787.6 32.6 0.0 
1569672818015 20 5 -1 2.01 0 0 0 0 25.2 787.6 32.6 0.0 
1569672818120 20 6 0 2.01 0 0 0 0 25.2 787.6 32.6 0.0 
1569672818225 20 6 -1 2.08 0 0 0 0 25.2 787.6 32.6 0.0 
1569672818329 20 5 -1 2.08 0 0 0 0 25.2 787.6 32.6 0.0 
1569672818433 20 5 -1 2.05 0 0 0 0 25.2 787.6 32.6 0.0 
1569672818538 20 6 0 2.05 0 0 0 0 25.2 787.6 32.6 0.0 
1569672818641 20 5 0 2.09 0 0 0 0 25.2 787.6 32.6 0.0 
1569672818745 20 6 -1 2.09 0 0 0 0 25.2 787.6 32.6 0.0 
1569672818848 20 5 -1 2.06 0 0 0 0 25.2 787.6 32.6 0.0 
1569672818952 20 5 -1 2.06 0 0 0 0 25.2 787.6 32.6 0.0 
1569672819056 20 5 0 2.02 0 0 0 0 25.2 787.6 32.6 0.0 
1569672819161 20 5 -1 2.02 0 0 0 0 25.2 787.6 32.6 0.0 
1569672819264 20 6 0 2.12 0 0 0 0 25.2 787.6 32.6 0.0 
1569672819369 20 5 -1 2.12 0 0 0 0 25.2 787.6 32.6 0.0 
1569672819499 20 5 -1 2.06 0 0 0 0 25.2 787.6 32.6 0.0 
1569672819604 20 5 -1 2.06 0 0 0 0 25.2 787.6 32.6 0.0 
1569672819712 20 6 -1 2.04 0 0 0 0 25.2 787.6 32.6 0.0 
1569672819820 20 5 -1 2.04 0 0 0 0 25.2 787.6 32.6 0.0 
1569672819922 20 6 -1 2.13 0 0 0 0 25.2 787.6 32.6 0.0 
1569672820027 21 5 -1 2.13 0 0 0 0 25.2 787.6 32.6 0.0 
1569672820132 21 5 -1 2.00 0 0 0 0 25.2 787.6 32.6 0.0 
1569672820238 21 5 0 2.00 0 0 0 0 25.2 787.6 32.6 0.0 
1569672820341 21 5 -1 2.10 0 0 0 0 25.2 787.6 32.6 0.0 
1569672820445 21 5 -1 2.10 0 0 0 0 25.2 787.6 32.6 0.0 
1569672820549 21 5 -1 1.99 0 0 0 0 25.2 787.6 32.6 0.0 
1569672820652 21 5 -1 1.99 0 0 0 0 25.2 787.6 32.6 0.0 
1569672820756 21 5 -1 2.09 0 0 0 0 25.2 787.6 32.6 0.0 
1569672820861 21 6 -1 2.09 0 0 0 0 25.2 787.6 32.6 0.0 
1569672820965 21 5 -1 2.09 0 0 0 0 25.2 787.6 32.6 0.0 
1569672821070 21 5 0 2.09 0 0 0 0 25.2 787.6 32.6 0.0 
1569672821174 21 5 -1 2.01 0 0 0 0 25.2 787.6 32.6 0.0 
1569672821279 21 5 0 2.01 0 0 0 0 25.2 787.6 32.6 0.0 
1569672821382 21 5 -1 2.12 0 0 0 0 25.2 787.6 32.6 0.0 
1569672821488 21 6 -1 2.12 0 0 0 0 25.2 787.6 32.6 0.0 
1569672821592 21 6 -1 2.00 0 0 0 0 25.2 787.6 32.6 0.0 
1569672821698 21 5 -1 2.00 0 0 0 0 25.2 787.6 32.6 0.0 
1569672821804 21 5 0 2.11 0 0 0 0 25.2 787.6 32.6 0.0 
1569672823090 21 5 0 2.11 0 0 0 0 25.2 787.6 32.6 0.0 
1569672823197 21 5 0 2.06 0 0 0 0 25.2 787.6 33.6 0.0 
1569672823300 21 5 -1 2.06 0 0 0 0 25.2 787.6 33.6 0.0 
1569672823404 21 5 -1 2.13 0 0 0 0 25.2 787.6 33.6 0.0 
1569672823507 21 5 0 2.13 0 0 0 0 25.2 787.6 33.6 0.0 
1569672823610 21 5 -1 1.98 0 0 0 0 25.2 787.6 33.6 0.0 
1569672825895 21 5 -1 1.98 0 0 0 0 25.2 787.6 33.6 0.0 
1569672825999 21 5 -1 2.14 0 0 0 0 25.2 787.6 33.6 0.0 
1569672826102 21 5 -1 2.14 0 0 0 0 25.2 787.6 33.6 0.0 
1569672826208 21 5 0 2.10 0 0 0 0 25.2 787.6 31.5 0.0 
1569672826312 21 5 0 2.10 0 0 0 0 25.2 787.6 31.5 0.0 
1569672826415 21 5 -1 2.02 0 0 0 0 25.2 787.6 31.5 0.0 
1569672826520 21 5 -1 2.02 0 0 0 0 25.2 787.6 31.5 0.0 
1569672826623 21 5 0 2.09 0 0 0 0 25.2 787.6 31.5 0.0 
1569672826726 21 5 0 2.09 0 0 0 0 25.2 787.6 31.5 0.0 
1569672826831 21 5 -1 2.04 0 0 0 0 25.2 787.6 31.5 0.0 
1569672826937 21 5 0 2.04 0 0 0 0 25.2 787.6 31.5 0.0 
1569672827042 21 5 0 2.14 0 0 0 0 25.2 787.6 31.5 0.0 
1569672827145 21 5 0 2.14 0 0 0 0 25.2 787.6 31.5 0.0 
1569672827249 21 5 -1 1.99 0 0 0 0 25.2 787.6 31.5 0.0 
1569672827352 21 5 -1 1.99 0 0 0 0 25.2 787.6 31.5 0.0 
1569672827456 21 5 -1 2.04 0 0 0 0 25.2 787.6 31.5 0.0 
1569672827562 21 5 -1 2.04 0 0 0 0 25.2 787.6 31.5 0.0 
1569672827666 21 5 0 2.07 0 0 0 0 25.2 787.6 31.5 0.0 
1569672827771 21 5 -1 2.07 0 0 0 0 25.2 787.6 31.5 0.0 
1569672827875 21 5 0 2.01 0 0 0 0 25.2 787.6 31.5 0.0 
1569672827979 21 5 0 2.01 0 0 0 0 25.2 787.6 31.5 0.0 
1569672828084 21 5 -1 2.08 0 0 0 0 25.2 787.6 31.5 0.0 
1569672828188 21 5 -1 2.08 0 0 0 0 25.2 787.6 31.5 0.0 
1569672828293 21 5 0 2.00 0 0 0 0 25.2 787.6 31.5 0.0 
1569672828402 21 5 -1 2.00 0 0 0 0 25.2 787.6 31.5 0.0 
1569672828506 21 5 0 2.16 0 0 0 0 25.2 787.6 31.5 0.0 
1569672828612 21 5 -1 2.16 0 0 0 0 25.2 787.6 31.5 0.0 
1569672828715 21 5 0 2.07 0 0 0 0 25.2 787.6 31.5 0.0 
1569672828819 21 6 -1 2.07 0 0 0 0 25.2 787.6 31.5 0.0 
1569672828923 21 6 -1 2.08 0 0 0 0 25.2 787.6 31.5 0.0 
1569672829027 21 5 -1 2.08 0 0 0 0 25.2 787.6 31.5 0.0 
1569672829131 21 5 -1 1.99 0 0 0 0 25.2 787.6 31.5 0.0 
1569672829237 21 5 -1 1.99 0 0 0 0 25.2 787.6 32.6 0.0 
1569672829340 21 5 -1 2.08 0 0 0 0 25.2 787.6 32.6 0.0 
1569672829446 21 5 0 2.08 0 0 0 0 25.2 787.6 32.6 0.0 
1569672829550 21 5 0 2.07 0 0 0 0 25.2 787.6 32.6 0.0 
1569672829655 21 5 -1 2.07 0 0 0 0 25.2 787.6 32.6 0.0 
1569672829758 21 5 -1 2.14 0 0 0 0 25.2 787.6 32.6 0.0 
1569672829861 21 5 0 2.14 0 0 0 0 25.2 787.6 32.6 0.0 
1569672829964 21 5 0 2.04 0 0 0 0 25.2 787.6 32.6 0.0 
1569672830068 22 5 0 2.04 0 0 0 0 25.2 787.6 32.6 0.0 
1569672830171 22 6 0 2.00 0 0 0 0 25.2 787.6 32.6 0.0 
1569672830275 22 5 -1 2.00 0 0 0 0 25.2 787.6 32.6 0.0 
1569672830380 22 5 0 2.14 0 0 0 0 25.2 787.6 32.6 0.0 
1569672830486 22 6 -1 2.14 0 0 0 0 25.2 787.6 32.6 0.0 
1569672830590 22 6 0 2.03 0 0 0 0 25.2 787.6 32.6 0.0 
1569672830695 22 5 -1 2.03 0 0 0 0 25.2 787.6 32.6 0.0 
1569672830799 22 5 0 2.07 0 0 0 0 25.2 787.6 32.6 0.0 
1569672830906 22 5 -1 2.07 0 0 0 0 25.2 787.6 32.6 0.0 
1569672831010 22 5 -1 2.01 0 0 0 0 25.2 787.6 32.6 0.0 
1569672831115 22 5 -1 2.01 0 0 0 0 25.2 787.6 32.6 0.0 
1569672831219 22 5 -1 2.08 0 0 0 0 25.2 787.6 32.6 0.0 
1569672831323 22 5 0 2.08 0 0 0 0 25.2 787.6 32.6 0.0 
1569672831427 22 5 -1 2.04 0 0 0 0 25.2 787.6 32.6 0.0 
1569672831531 22 5 -1 2.04 0 0 0 0 25.2 787.6 32.6 0.0 
1569672831640 22 5 0 2.07 0 0 0 0 25.2 787.6 32.6 0.0 
1569672831746 22 5 0 2.07 0 0 0 0 25.2 787.6 32.6 0.0 
1569672831850 22 5 -1 2.03 0 0 0 0 25.2 787.6 32.6 0.0 
1569672831954 22 5 -1 2.03 0 0 0 0 25.2 787.6 32.6 0.0 
1569672832057 22 5 -1 2.07 0 0 0 0 25.2 787.6 32.6 0.0 
1569672832162 22 5 0 2.07 0 0 0 0 25.2 787.6 32.6 0.0 
1569672832268 22 5 -1 2.11 0 0 0 0 25.2 787.6 32.0 0.0 
1569672832373 22 5 -1 2.11 0 0 0 0 25.2 787.6 32.0 0.0 
1569672832477 22 5 -1 2.04 0 0 0 0 25.2 787.6 32.0 0.0 
1569672832581 22 5 0 2.04 0 0 0 0 25.2 787.6 32.0 0.0 
1569672832685 22 5 -1 2.09 0 0 0 0 25.2 787.6 32.0 0.0 
1569672832790 22 5 -1 2.09 0 0 0 0 25.2 787.6 32.0 0.0 
1569672832892 22 5 0 2.00 0 0 0 0 25.2 787.6 32.0 0.0 
1569672832997 22 5 0 2.00 0 0 0 0 25.2 787.6 32.0 0.0 
1569672833100 22 5 0 2.08 0 0 0 0 25.2 787.6 32.0 0.0 
1569672833203 22 5 -1 2.08 0 0 0 0 25.2 787.6 32.0 0.0 
1569672833307 22 5 0 2.07 0 0 0 0 25.2 787.6 32.0 0.0 
1569672833411 22 5 0 2.07 0 0 0 0 25.2 787.6 32.0 0.0 
1569672833515 22 5 -1 2.00 0 0 0 0 25.2 787.6 32.0 0.0 
1569672833619 22 6 0 2.00 0 0 0 0 25.2 787.6 32.0 0.0 
1569672833724 22 5 -1 2.07 0 0 0 0 25.2 787.6 32.0 0.0 
1569672833828 22 5 0 2.07 0 0 0 0 25.2 787.6 32.0 0.0 
1569672833935 22 5 -1 2.03 0 0 0 0 25.2 787.6 32.0 0.0 
1569672834039 22 5 -1 2.03 0 0 0 0 25.2 787.6 32.0 0.0 
1569672834145 22 5 -1 2.14 0 0 0 0 25.2 787.6 32.0 0.0 
1569672834250 22 5 -1 2.14 0 0 0 0 25.2 787.6 32.0 0.0 
1569672834360 22 5 -1 2.01 0 0 0 0 25.2 787.6 32.0 0.0 
1569672834464 22 6 -1 2.01 0 0 0 0 25.2 787.6 32.0 0.0 
1569672834569 22 5 0 2.01 0 0 0 0 25.2 787.6 32.0 0.0 
1569672834673 22 5 0 2.01 0 0 0 0 25.2 787.6 32.0 0.0 
1569672834778 22 6 -1 2.05 0 0 0 0 25.2 787.6 32.0 0.0 
1569672834884 22 5 -1 2.05 0 0 0 0 25.2 787.6 32.0 0.0 
1569672834988 22 5 0 2.04 0 0 0 0 25.2 787.6 32.0 0.0 
1569672835091 22 5 0 2.04 0 0 0 0 25.2 787.6 32.0 0.0 
1569672835215 22 5 -1 2.00 0 0 0 0 25.2 787.6 32.0 0.0 
1569672835319 22 6 -1 2.00 0 0 0 0 25.2 787.6 32.0 0.0 
1569672835423 22 5 -1 2.11 0 0 0 0 25.2 787.6 32.0 0.0 
1569672835528 22 5 -1 2.11 0 0 0 0 25.2 787.6 32.0 0.0 
1569672835631 22 5 0 2.00 0 0 0 0 25.2 787.6 32.0 0.0 
1569672835736 22 5 0 2.00 0 0 0 0 25.2 787.6 32.0 0.0 
1569672835839 22 6 0 2.08 0 0 0 0 25.2 787.6 32.0 0.0 
1569672835943 22 5 0 2.08 0 0 0 0 25.2 787.6 32.0 0.0 
1569672836047 22 5 -1 2.06 0 0 0 0 25.2 787.6 32.0 0.0 
1569672836151 22 5 -1 2.06 0 0 0 0 25.2 787.6 32.0 0.0 
1569672836254 22 5 -1 2.01 0 0 0 0 25.2 787.6 32.0 0.0 
1569672836358 23 5 0 2.01 0 0 0 0 25.2 787.6 32.0 0.0 
1569672836461 23 6 -1 2.16 0 0 0 0 25.2 787.6 32.0 0.0 
1569672836586 23 5 -1 2.16 0 0 0 0 25.2 787.6 32.0 0.0 
1569672836690 23 5 0 1.99 0 0 0 0 25.2 787.6 32.0 0.0 
