412
413
414
413
417
415
412
416
411
413
414
424
431
417
415
407
395
376
365
360
351
353
360
363
364
365
363
367
387
381
357
288
246
144
109
61
53
69
151
216
350
395
409
401
335
293
254
233
177
165
202
289
334
385
407
397
385
346
326
309
298
268
221
201
158
136
85
57
6
-20
-64
-85
-105
-111
-101
-37
16
140
193
268
279
226
207
194
177
183
220
251
311
340
391
414
454
464
459
428
414
394
381
365
367
367
372
414
439
468
437
381
190
102
-23
-69
-67
-49
-24
-9
43
68
116
176
193
222
230
243
250
294
327
393
427
469
452
424
374
350
319
312
318
319
315
330
367
398
416
442
443
445
441
379
322
180
123
46
-7
-17
-5
4
24
40
82
112
184
219
276
317
342
385
405
393
359
248
199
135
120
107
146
172
213
235
281
298
324
337
363
366
350
270
222
26
-130
-364
-428
-499
-520
-542
-582
-596
-598
-592
-571
-557
-527
-513
-480
-459
-407
-255
-148
37
68
37
25
-15
-24
-80
-103
-120
-84
-54
46
101
230
292
387
420
454
446
403
322
271
164
117
73
74
99
123
163
177
202
225
222
211
208
226
245
278
298
334
343
345
351
367
406
430
461
464
461
455
458
454
443
438
435
445
441
424
400
344
365
394
412
438
414
384
372
372
385
403
443
454
458
459
458
460
464
467
465
449
437
412
400
370
352
346
352
343
335
342
369
377
401
417
427
421
397
369
354
360
385
422
423
416
412
420
429
435
437
450
452
451
448
452
440
430
405
389
369
353
345
326
321
321
320
320
303
221
152
21
-33
-43
-81
-74
8
42
81
98
144
173
221
265
287
345
371
416
431
426
408
388
390
398
417
433
451
461
468
470
470
464
429
393
328
236
183
110
107
152
167
111
62
-24
-65
-125
-139
-124
-62
-14
98
149
247
282
343
373
426
439
433
420
407
397
399
388
379
369
346
256
157
129
114
132
162
184
262
294
370
399
426
407
380
323
304
289
294
286
286
316
295
199
32
-44
-136
-168
-196
-224
-292
-311
-384
-422
-478
-519
-529
-506
-473
-329
-237
-94
-44
75
142
262
379
413
444
455
452
458
431
407
353
328
286
271
267
248
246
235
244
291
314
358
381
439
457
455
419
391
331
321
330
347
382
406
453
460
456
429
404
346
347
367
360
368
391
396
413
408
411
417
442
454
478
479
468
425
400
364
346
322
321
273
245
189
173
147
204
246
335
379
450
469
475
453
377
338
280
255
203
154
127
52
22
26
74
231
308
426
458
471
435
403
313
271
178
137
106
121
203
308
365
432
436
430
417
371
346
355
356
357
364
373
377
384
401
395
340
305
260
246
252
289
308
348
373
428
454
463
442
334
266
144
65
45
20
18
53
83
151
184
223
229
192
144
132
159
206
325
379
440
455
458
452
419
398
394
396
393
366
351
328
305
247
214
142
83
58
42
56
142
193
317
370
448
466
442
336
278
194
147
22
-33
-75
-53
31
80
189
333
398
469
465
406
370
307
293
269
277
325
376
395
424
436
435
402
269
201
102
85
74
80
80
68
82
106
99
13
-68
-122
-151
-255
-335
-332
-268
-249
-180
-126
5
80
218
276
368
447
463
471
470
469
466
454
453
444
448
454
435
422
418
412
398
408
432
441
452
459
462
463
458
449
438
421
407
384
370
341
342
320
309
281
235
216
148
114
76
67
55
47
51
63
84
79
87
94
100
148
193
292
334
361
380
388
412
414
417
409
377
352
282
244
181
153
113
83
70
69
75
86
92
118
140
202
264
405
466
472
444
411
365
353
299
251
177
142
77
39
20
-4
-12
-16
-6
24
-9
-20
-18
-5
37
56
114
136
196
9
303
352
372
411
422
454
461
458
445
398
367
353
349
352
385
404
424
425
412
413
426
445
451
461
460
450
441
409
391
342
315
272
255
247
222
216
196
188
174
170
193
207
283
378
419
434
422
398
382
339
313
259
226
174
121
117
136
155
198
224
258
243
246
266
303
344
360
395
413
428
433
434
431
417
428
454
478
472
463
452
416
408
376
366
366
368
393
415
419
411
401
377
368
366
377
380
372
355
314
291
257
241
209
193
150
133
89
68
53
34
25
23
33
69
102
159
198
278
313
365
401
418
449
458
447
425
363
321
237
222
224
278
307
349
365
386
394
370
349
302
277
222
187
134
119
115
132
156
253
314
411
437
453
454
466
480
483
481
468
404
354
279
238
144
92
-17
-56
-67
-60
-34
35
87
239
307
389
412
431
424
424
402
370
288
258
220
203
159
126
93
44
21
-38
-84
-96
-88
-123
-127
-91
-57
-50
-7
23
82
108
157
185
244
286
355
398
412
435
435
412
388
341
314
264
