908
932
979
997
1044
1068
1085
1073
1060
1026
1009
966
943
907
893
861
842
793
735
698
640
612
571
558
533
523
503
498
521
529
504
431
394
339
328
310
307
307
335
380
518
599
795
899
1077
1128
1178
1201
1254
1250
1235
1148
1081
903
808
654
600
507
477
455
448
432
406
399
387
377
361
349
334
332
311
306
298
301
302
307
313
347
373
432
443
434
427
397
366
358
369
387
449
483
561
613
719
773
869
950
974
1010
1025
1039
1034
1018
1008
966
943
885
839
820
802
788
734
697
637
608
562
545
523
520
536
586
617
670
697
752
783
832
850
859
847
800
727
679
607
577
528
515
514
531
574
587
619
677
710
795
843
944
999
1138
1213
1316
1341
1362
1375
1381
1385
1382
1377
1372
1338
1314
1265
1235
1188
1140
1105
1005
919
710
614
484
435
374
355
351
358
365
381
392
422
440
477
507
595
686
725
822
880
969
990
987
966
921
894
886
894
865
784
748
663
630
575
558
536
529
532
522
516
487
477
450
441
425
427
440
460
493
529
543
567
580
615
632
672
691
697
681
616
531
485
423
409
396
394
402
405
398
391
374
380
383
363
355
368
378
403
417
457
475
499
531
553
644
697
790
840
921
947
958
958
950
957
961
956
962
974
974
985
994
1004
1007
1021
1060
1083
1132
1147
1128
1098
1011
972
927
913
895
869
854
797
760
691
663
625
605
591
589
602
641
647
651
645
611
598
587
585
589
607
683
801
867
984
1016
1020
1019
1050
1070
1079
1064
1006
941
911
890
869
808
768
689
652
583
548
510
490
487
491
488
496
498
506
505
501
495
511
524
523
511
508
504
506
537
559
628
671
740
805
829
869
898
949
976
1042
1084
1125
1127
1115
1084
1061
1003
975
924
893
839
807
740
703
648
632
643
659
662
599
544
412
361
306
297
293
306
320
348
362
393
408
427
445
487
525
613
701
728
771
785
779
768
734
712
669
648
580
492
456
403
394
402
422
475
506
567
593
605
604
601
594
592
600
626
702
754
849
903
1016
1103
1133
1160
1174
1186
1185
1169
1165
1141
1128
1088
1039
1017
956
918
839
808
769
756
741
740
740
717
709
732
769
879
937
1048
1092
1121
1110
1047
955
893
801
766
746
757
786
814
865
898
965
982
976
940
908
853
829
794
784
764
756
737
730
723
728
736
775
803
868
893
926
957
966
935
899
845
831
833
829
834
841
849
845
834
798
765
680
620
527
485
437
422
408
449
480
559
602
706
764
907
974
1095
1135
1158
1158
1133
1056
1006
897
848
767
737
717
726
797
839
891
864
822
726
689
633
613
592
588
586
595
591
596
603
612
619
637
656
697
714
728
712
697
681
676
642
597
503
471
436
429
443
476
494
532
554
629
690
894
1010
1202
1270
1333
1346
1342
1316
1299
1275
1272
1254
1248
1240
1246
1294
1335
1340
1327
1299
1191
1112
923
837
701
651
573
544
542
549
547
517
496
473
463
443
428
407
382
364
349
345
375
409
510
565
677
734
828
865
874
900
919
953
963
978
978
977
981
974
946
935
903
899
922
943
991
1010
1026
1032
1028
1016
997
961
953
970
1006
1104
1149
1205
1226
1247
1242
1249
1297
1316
1312
1301
1251
1223
1161
1130
1069
989
949
895
883
850
823
762
732
689
681
696
752
781
834
846
879
902
960
984
1003
995
967
1023
1054
1046
1030
1008
998
951
924
865
846
798
765
707
662
638
599
586
579
581
601
620
680
710
780
886
936
1017
1058
1141
1175
1226
1236
1231
1220
1185
1127
1087
991
942
846
814
798
814
875
927
939
956
972
1031
1063
1133
1172
1244
1267
1290
1296
1277
1245
1228
1152
1110
1019
982
910
876
814
786
730
739
763
837
883
971
1003
1088
1121
1147
1142
1128
1069
1038
952
905
785
711
532
395
359
320
310
304
306
318
333
368
431
464
527
553
605
635
710
760
875
941
1031
1080
1092
1070
1044
972
938
896
886
877
876
874
873
875
908
926
968
996
1071
1114
1183
1215
1259
1277
1283
1297
1293
1277
1259
1216
1188
1129
1098
1043
1023
1027
1037
1048
1086
1110
1163
1187
1213
1214
1207
1166
1130
1042
999
904
858
779
741
671
640
600
573
562
559
572
601
617
654
681
730
764
812
824
833
873
912
990
1015
1046
1053
1052
1043
1008
980
979
991
991
980
977
992
1007
1037
1068
1137
1199
1224
1247
1259
1285
1303
1320
1319
1319
1310
1267
1204
1157
1062
1006
881
822
710
671
615
612
634
669
684
696
705
697
682
656
646
616
603
588
618
636
699
736
833
878
955
990
1039
1052
1061
1053
1031
985
958
892
853
771
736
679
662
662
670
698
766
801
874
921
998
1026
1038
1034
998
983
935
850
800
700
650
564
533
500
504
539
570
660
769
819
939
995
1077
1097
1134
1158
1187
1179
1169
1156
1152
1133
1112
1034
1004
978
966
918
873
851
801
771
731
713
659
636
619
621
646
694
725
803
851
958
999
1059
1083
1120
