771
746
731
714
654
622
551
479
449
399
390
387
379
339
331
306
294
267
263
267
282
300
343
362
387
405
451
479
554
631
652
646
634
636
646
642
627
569
478
438
394
369
304
302
300
294
300
311
325
327
325
320
307
289
306
369
399
450
480
545
584
638
677
688
718
727
729
726
725
714
664
637
577
520
499
453
441
423
412
391
381
340
328
364
418
449
511
548
603
623
637
631
626
627
637
708
727
738
751
773
774
784
780
729
679
547
367
270
120
94
81
86
102
112
134
144
162
172
177
175
168
163
163
160
161
185
217
295
348
498
642
697
750
763
765
761
742
746
794
790
758
746
722
693
692
651
606
534
516
484
470
459
469
491
537
559
614
643
710
741
772
777
768
766
768
776
784
782
787
795
787
743
717
711
675
654
610
592
561
539
465
422
358
301
265
177
148
99
108
200
242
311
337
378
472
523
594
601
596
582
537
510
448
408
328
214
182
197
211
223
231
241
241
231
223
198
177
165
159
162
205
240
336
393
511
575
684
748
766
791
800
807
809
802
798
762
733
673
641
650
604
541
512
522
513
517
560
589
663
696
694
699
675
608
599
588
561
497
459
398
387
384
396
396
361
322
247
277
334
373
487
648
699
652
604
535
515
502
527
590
612
629
634
628
602
596
613
626
660
677
735
763
791
806
822
831
818
764
737
664
620
498
431
301
233
212
240
290
365
377
408
436
511
556
644
672
679
676
681
690
680
653
649
630
627
586
508
462
420
411
397
395
376
355
266
228
172
159
161
166
170
173
176
166
156
140
143
146
167
179
230
267
354
417
480
465
466
489
506
522
536
563
572
606
614
628
645
730
778
842
916
955
996
1000
954
916
820
771
673
630
535
453
410
337
313
303
314
367
394
460
498
564
646
679
735
764
783
777
787
793
785
813
864
874
860
812
791
780
789
777
766
713
679
557
412
353
276
262
246
229
194
183
207
194
165
148
157
180
198
215
223
245
250
290
315
345
367
364
304
258
140
103
72
72
84
101
153
275
333
396
405
404
449
525
589
726
778
869
924
933
950
946
954
947
916
899
852
821
686
548
480
345
284
208
204
217
236
289
323
463
546
586
695
756
847
854
830
838
820
787
769
765
778
784
774
728
693
602
549
435
321
287
248
233
235
259
291
299
310
313
311
302
299
325
360
448
481
569
623
716
742
794
822
890
959
988
1036
1046
1039
1024
950
892
751
676
499
356
293
210
185
151
143
141
144
184
257
325
510
576
673
724
817
848
842
837
839
826
814
797
782
721
692
667
677
705
710
722
717
715
689
667
606
574
535
533
528
502
445
403
380
321
295
272
277
296
304
326
348
385
422
431
425
416
394
385
373
392
458
473
478
498
507
526
540
588
598
625
654
728
752
781
783
776
753
738
738
752
735
708
593
516
364
222
174
129
114
91
90
97
94
98
110
145
240
318
511
611
770
821
879
885
900
890
842
770
743
684
632
496
415
296
272
274
284
312
337
342
364
377
363
327
238
209
168
157
160
175
160
125
116
94
85
86
99
161
206
297
439
498
559
578
599
600
603
587
587
584
548
493
496
456
407
357
369
402
404
413
428
464
471
497
530
551
589
613
689
729
787
801
855
876
918
950
960
976
974
947
925
893
885
892
900
917
954
975
1006
1013
1001
984
911
876
840
800
785
731
709
653
630
606
606
644
663
717
744
804
858
888
943
971
1004
1011
1015
1008
976
934
763
587
510
370
321
274
275
261
247
212
192
161
123
110
86
78
75
86
160
274
330
415
452
509
529
570
592
637
671
677
681
675
658
653
635
639
662
685
720
733
739
760
771
774
763
735
740
763
763
738
691
661
590
556
507
489
468
469
482
492
520
545
562
616
646
732
768
833
863
896
909
876
767
680
507
462
436
436
429
413
354
322
267
203
173
139
130
131
140
158
158
176
202
256
317
352
454
505
551
566
632
684
743
735
678
547
494
443
424
383
374
342
332
321
325
336
350
350
339
327
308
299
314
326
363
376
437
500
525
564
579
600
614
673
699
761
796
863
931
960
1009
1025
1034
1024
982
955
867
831
777
741
713
630
574
454
383
285
244
187
188
199
227
240
259
265
282
299
283
268
243
229
190
169
135
113
98
92
96
147
203
345
423
535
553
505
527
539
573
622
750
806
885
923
986
1013
1048
1058
1055
1041
1022
974
942
822
745
608
545
419
338
324
305
286
242
232
232
237
239
214
193
173
166
152
141
113
100
97
96
81
73
72
71
75
80
95
122
143
193
223
285
323
339
360
354
338
328
296
282
257
